-0.0065010255 0.018981751 -0.40827748
-0.0064498 0.014792201 -0.40521398
-0.0064651254 0.016470747 -0.40619743
-0.0064893002 0.018372253 -0.40761375
-0.0064086998 -0.036010999 -0.40233999
-0.0064052008 -0.0356705 -0.40217498
-0.0064006504 0.011866501 -0.40207499
-0.0064247227 0.013253629 -0.40361154
-0.006391149 -0.034196801 -0.40143761
-0.0063696001 -0.031464487 -0.40008581
-0.0063552144 -0.029637 -0.39917001
-0.0063545336 0.0088285329 -0.39912
-0.0063761175 0.010444137 -0.40050203
-0.0063435524 -0.028134516 -0.39841515
-0.0063207252 -0.02544912 -0.39706156
-0.0063041141 -0.023634998 -0.39616427
-0.0063090501 0.0021639999 -0.39621001
-0.0063237003 0.0047006877 -0.39714751
-0.0063435663 0.0075077713 -0.39841995
-0.0062918682 -0.022154802 -0.39535514
-0.00627896 -0.019502563 -0.39453116
-0.0062656547 -0.016502969 -0.3934572
-0.0062621608 -0.014617699 -0.39321402
-0.0062593999 -0.0062982999 -0.39302999
-0.0062687383 -0.0047910246 -0.39363
-0.0062891198 -0.0013171828 -0.39493603
-0.0063019004 0.000912385 -0.39575499
-0.0062503922 -0.013075958 -0.39245746
-0.0062484015 -0.010542819 -0.39232814
-0.006249567 -0.0076903496 -0.39240414
