0.0050354 0.0326538 -0.409424
0.00695801 0.0326538 -0.409424
0.00888062 0.0326538 -0.409424
0.0107803 0.0325623 -0.408447
-0.00455856 0.0305023 -0.406494
-0.0026474 0.0305023 -0.406494
-0.000738621 0.0305786 -0.407471
0.0011797 0.0306549 -0.408447
0.00310898 0.0307312 -0.409424
0.0050354 0.0307312 -0.409424
0.00695801 0.0307312 -0.409424
0.00886536 0.0306549 -0.408447
0.0107803 0.0306549 -0.408447
0.0126724 0.0305786 -0.407471
0.0145569 0.0305023 -0.406494
-0.00833893 0.0284576 -0.404541
-0.00643921 0.0284576 -0.404541
-0.00454712 0.0285187 -0.405518
-0.0026474 0.028595 -0.406494
-0.000738621 0.0286713 -0.407471
0.00117683 0.0286713 -0.407471
0.00310135 0.0287323 -0.408447
0.00502014 0.0287323 -0.408447
0.00694275 0.0287323 -0.408447
0.00886536 0.0287323 -0.408447
0.0107574 0.0286713 -0.407471
0.0126419 0.028595 -0.406494
0.0145187 0.0285187 -0.405518
0.0163879 0.0284576 -0.404541
0.01828 0.0284576 -0.404541
0.0201874 0.0284576 -0.404541
0.0220947 0.0284576 -0.404541
-0.0102158 0.0264893 -0.403564
-0.00831604 0.0264893 -0.403564
-0.00643921 0.0265503 -0.404541
-0.00453568 0.0265503 -0.404541
-0.00264168 0.0266113 -0.405518
-0.000736713 0.0266876 -0.406494
0.00117683 0.0267487 -0.407471
0.00309372 0.0267487 -0.407471
0.00502014 0.0268097 -0.408447
0.00694275 0.0268097 -0.408447
0.00884247 0.0267487 -0.407471
0.0107269 0.0266876 -0.406494
0.0126114 0.0266113 -0.405518
0.0145187 0.0266113 -0.405518
0.0163879 0.0265503 -0.404541
0.01828 0.0265503 -0.404541
0.0201416 0.0264893 -0.403564
0.0220947 0.0265503 -0.404541
0.0239868 0.0265503 -0.404541
-0.0159912 0.024704 -0.405518
-0.0140457 0.0246429 -0.404541
-0.0121155 0.0245819 -0.403564
-0.0102158 0.0245819 -0.403564
-0.00831604 0.0245819 -0.403564
-0.00642395 0.0245819 -0.403564
-0.00453568 0.0246429 -0.404541
-0.00263405 0.0246429 -0.404541
-0.000735283 0.024704 -0.405518
0.00117397 0.024765 -0.406494
0.00308609 0.024765 -0.406494
0.0050087 0.024826 -0.407471
0.00690842 0.024765 -0.406494
0.00881958 0.024765 -0.406494
0.010704 0.024704 -0.405518
0.0125809 0.0246429 -0.404541
0.0144806 0.0246429 -0.404541
0.0163422 0.0245819 -0.403564
0.0182343 0.0245819 -0.403564
0.0201416 0.0245819 -0.403564
0.0220337 0.0245819 -0.403564
0.0239258 0.0245819 -0.403564
0.0258942 0.0246429 -0.404541
0.0278015 0.0246429 -0.404541
-0.0178986 0.0227966 -0.405518
-0.0159912 0.0227966 -0.405518
-0.0140457 0.0227509 -0.404541
-0.0121155 0.0226898 -0.403564
-0.0101929 0.0226288 -0.402344
-0.00830078 0.0226288 -0.402344
-0.00640869 0.0226288 -0.402344
-0.00451279 0.0226288 -0.402344
-0.00262833 0.0226898 -0.403564
-0.000733376 0.0227509 -0.404541
0.00116825 0.0227509 -0.404541
0.00307846 0.0227966 -0.405518
0.00498581 0.0227966 -0.405518
0.00689316 0.0227966 -0.405518
0.0087738 0.0227509 -0.404541
0.0106735 0.0227509 -0.404541
0.0125504 0.0226898 -0.403564
0.0144424 0.0226898 -0.403564
0.0162964 0.0226288 -0.402344
0.0181885 0.0226288 -0.402344
0.0200806 0.0226288 -0.402344
0.0219727 0.0226288 -0.402344
0.0239258 0.0226898 -0.403564
0.0258331 0.0226898 -0.403564
0.0278015 0.0227509 -0.404541
-0.0198059 0.0208893 -0.405518
-0.0178986 0.0208893 -0.405518
-0.0159454 0.0208435 -0.404541
-0.0140152 0.0207977 -0.403564
-0.012085 0.0207367 -0.402344
-0.0101624 0.0206909 -0.401367
-0.00827789 0.0206909 -0.401367
-0.00638962 0.0206909 -0.401367
-0.00450134 0.0206909 -0.401367
-0.00261497 0.0206909 -0.401367
-0.000729561 0.0207367 -0.402344
0.00116253 0.0207367 -0.402344
0.0030632 0.0207977 -0.403564
0.00495911 0.0207977 -0.403564
0.00685883 0.0207977 -0.403564
0.00872803 0.0207367 -0.402344
0.0106277 0.0207367 -0.402344
0.0125198 0.0207367 -0.402344
0.0143738 0.0206909 -0.401367
0.0162659 0.0206909 -0.401367
0.0181427 0.0206909 -0.401367
0.0200348 0.0206909 -0.401367
0.0219727 0.0207367 -0.402344
0.0238647 0.0207367 -0.402344
0.0258331 0.0207977 -0.403564
0.0277252 0.0207977 -0.403564
0.0296936 0.0208435 -0.404541
-0.0217133 0.0189819 -0.405518
-0.0198059 0.0189819 -0.405518
-0.0178528 0.0189362 -0.404541
-0.0158997 0.0188904 -0.403564
-0.0139771 0.0188446 -0.402344
-0.0120544 0.0187988 -0.401367
-0.0101395 0.0187531 -0.400391
-0.008255 0.0187531 -0.400391
-0.00637436 0.0187531 -0.400391
-0.0044899 0.0187531 -0.400391
-0.00260925 0.0187531 -0.400391
-0.000726223 0.0187531 -0.400391
0.00115681 0.0187531 -0.400391
0.00304031 0.0187531 -0.400391
0.00493622 0.0187988 -0.401367
0.00682449 0.0187988 -0.401367
0.00868988 0.0187531 -0.400391
0.0105743 0.0187531 -0.400391
0.0124512 0.0187531 -0.400391
0.0143356 0.0187531 -0.400391
0.0162201 0.0187531 -0.400391
0.0180969 0.0187531 -0.400391
0.019989 0.0187531 -0.400391
0.0219269 0.0187988 -0.401367
0.023819 0.0187988 -0.401367
0.0257568 0.0188446 -0.402344
0.0277252 0.0188904 -0.403564
0.0296173 0.0188904 -0.403564
0.0315857 0.0189362 -0.404541
-0.0216522 0.0170441 -0.404541
-0.0197449 0.0170441 -0.404541
-0.017807 0.0169983 -0.403564
-0.0158691 0.0169525 -0.402344
-0.0139389 0.0169067 -0.401367
-0.0120239 0.0168762 -0.400391
-0.0101166 0.0168304 -0.399414
-0.00821686 0.0167847 -0.398438
-0.00634384 0.0167847 -0.398438
-0.00446701 0.0167847 -0.398438
-0.0025959 0.0167847 -0.398438
-0.000722408 0.0167847 -0.398438
0.00115108 0.0167847 -0.398438
0.00302505 0.0167847 -0.398438
0.00489807 0.0167847 -0.398438
0.00677109 0.0167847 -0.398438
0.0086441 0.0167847 -0.398438
0.0105209 0.0167847 -0.398438
0.0123901 0.0167847 -0.398438
0.014267 0.0167847 -0.398438
0.0161438 0.0167847 -0.398438
0.0180511 0.0168304 -0.399414
0.019928 0.0168304 -0.399414
0.0218658 0.0168762 -0.400391
0.023819 0.0169067 -0.401367
0.0256958 0.0169067 -0.401367
0.0276642 0.0169525 -0.402344
0.0296173 0.0169983 -0.403564
0.0315857 0.0170441 -0.404541
0.0335083 0.0170441 -0.404541
-0.0216522 0.0151443 -0.404541
-0.0196991 0.0151062 -0.403564
-0.0177612 0.0150681 -0.402344
-0.0158234 0.0150299 -0.401367
-0.0139084 0.0149918 -0.400391
-0.0119934 0.0149536 -0.399414
-0.0100861 0.0149155 -0.398438
-0.00819397 0.0148773 -0.397461
-0.00632858 0.0148773 -0.397461
-0.00444794 0.0148392 -0.396484
-0.00258255 0.0148392 -0.396484
-0.000718594 0.0148392 -0.396484
0.00114536 0.0148392 -0.396484
0.0030098 0.0148392 -0.396484
0.00487137 0.0148392 -0.396484
0.00673676 0.0148392 -0.396484
0.00862122 0.0148773 -0.397461
0.0104904 0.0148773 -0.397461
0.0123596 0.0148773 -0.397461
0.0142288 0.0148773 -0.397461
0.016098 0.0148773 -0.397461
0.0180054 0.0149155 -0.398438
0.0198822 0.0149155 -0.398438
0.0218201 0.0149536 -0.399414
0.0237579 0.0149918 -0.400391
0.0256958 0.0150299 -0.401367
0.0276642 0.0150681 -0.402344
0.0296173 0.0151062 -0.403564
0.0315247 0.0151062 -0.403564
0.0335083 0.0151443 -0.404541
-0.0234985 0.0132065 -0.403564
-0.0215912 0.0132065 -0.403564
-0.0196533 0.013176 -0.402344
-0.0177155 0.0131378 -0.401367
-0.0157928 0.0131073 -0.400391
-0.0138702 0.0130768 -0.399414
-0.0119629 0.0130386 -0.398438
-0.0100632 0.0130081 -0.397461
-0.00817108 0.0129776 -0.396484
-0.00630951 0.0129776 -0.396484
-0.00443649 0.0129395 -0.395508
-0.00257683 0.0129395 -0.395508
-0.000716686 0.0129395 -0.395508
0.0011425 0.0129395 -0.395508
0.00300217 0.0129395 -0.395508
0.00485992 0.0129395 -0.395508
0.0067215 0.0129395 -0.395508
0.00857544 0.0129395 -0.395508
0.010437 0.0129395 -0.395508
0.0122986 0.0129395 -0.395508
0.0141907 0.0129776 -0.396484
0.0160522 0.0129776 -0.396484
0.0179596 0.0130081 -0.397461
0.0198364 0.0130081 -0.397461
0.021759 0.0130386 -0.398438
0.0236969 0.0130768 -0.399414
0.0256348 0.0131073 -0.400391
0.0275879 0.0131378 -0.401367
0.0295563 0.013176 -0.402344
0.0315247 0.0132065 -0.403564
0.0335083 0.013237 -0.404541
0.0354004 0.013237 -0.404541
-0.0234985 0.0113068 -0.403564
-0.0215912 0.0113068 -0.403564
-0.0196533 0.0112839 -0.402344
-0.0176697 0.0112228 -0.400391
-0.0157471 0.0111923 -0.399414
-0.0138397 0.0111694 -0.398438
-0.0119324 0.0111389 -0.397461
-0.0100403 0.0111084 -0.396484
-0.00815582 0.0110855 -0.395508
-0.00627899 0.011055 -0.394531
-0.00442505 0.011055 -0.394531
-0.0025692 0.011055 -0.394531
-0.000713348 0.0110245 -0.393311
0.00113678 0.0110245 -0.393311
0.00298691 0.0110245 -0.393311
0.00483704 0.0110245 -0.393311
0.00668716 0.0110245 -0.393311
0.00856018 0.011055 -0.394531
0.0104141 0.011055 -0.394531
0.0122681 0.011055 -0.394531
0.0141602 0.0110855 -0.395508
0.0160217 0.0110855 -0.395508
0.0179138 0.0111084 -0.396484
0.0197906 0.0111084 -0.396484
0.021698 0.0111389 -0.397461
0.0236359 0.0111694 -0.398438
0.0256348 0.0112228 -0.400391
0.0275879 0.0112534 -0.401367
0.0295563 0.0112839 -0.402344
0.0315247 0.0113068 -0.403564
0.0334167 0.0113068 -0.403564
0.0354004 0.0113373 -0.404541
-0.0253906 0.00940704 -0.403564
-0.0234985 0.00940704 -0.403564
-0.0215454 0.00938416 -0.402344
-0.0196075 0.00936127 -0.401367
-0.0176697 0.00933838 -0.400391
-0.0157471 0.00931549 -0.399414
-0.0138016 0.00926971 -0.397461
-0.0119019 0.00924683 -0.396484
-0.0100098 0.00922394 -0.395508
-0.00813293 0.00920105 -0.394531
-0.00627899 0.00920105 -0.394531
-0.0044136 0.00917816 -0.393311
-0.00256348 0.00917816 -0.393311
-0.000711441 0.00915527 -0.392334
0.00113392 0.00915527 -0.392334
0.00297928 0.00915527 -0.392334
0.00482559 0.00915527 -0.392334
0.00666809 0.00915527 -0.392334
0.00853729 0.00917816 -0.393311
0.0103836 0.00917816 -0.393311
0.0122375 0.00917816 -0.393311
0.014122 0.00920105 -0.394531
0.015976 0.00920105 -0.394531
0.017868 0.00922394 -0.395508
0.0197906 0.00924683 -0.396484
0.021698 0.00926971 -0.397461
0.0236359 0.0092926 -0.398438
0.0255737 0.00931549 -0.399414
0.0275116 0.00933838 -0.400391
0.02948 0.00936127 -0.401367
0.0314331 0.00938416 -0.402344
0.0334167 0.00940704 -0.403564
0.0354004 0.00943756 -0.404541
-0.0253906 0.00751495 -0.403564
-0.0234375 0.00749588 -0.402344
-0.0215454 0.00749588 -0.402344
-0.0196075 0.00747681 -0.401367
-0.0176239 0.00743866 -0.399414
-0.0157013 0.00741959 -0.398438
-0.0138016 0.00740433 -0.397461
-0.0118713 0.00736618 -0.395508
-0.00998688 0.00734711 -0.394531
-0.00813293 0.00734711 -0.394531
-0.00626373 0.00732803 -0.393311
-0.00440216 0.00730896 -0.392334
-0.00255585 0.00730896 -0.392334
-0.000711441 0.00730896 -0.392334
0.00113392 0.00730896 -0.392334
0.00297165 0.00728989 -0.391357
0.00481033 0.00728989 -0.391357
0.00666809 0.00730896 -0.392334
0.0085144 0.00730896 -0.392334
0.0103607 0.00730896 -0.392334
0.0122375 0.00732803 -0.393311
0.0140839 0.00732803 -0.393311
0.015976 0.00734711 -0.394531
0.0178223 0.00734711 -0.394531
0.0197296 0.00736618 -0.395508
0.0216522 0.00738525 -0.396484
0.0235748 0.00740433 -0.397461
0.0255127 0.00741959 -0.398438
0.0275116 0.00745773 -0.400391
0.02948 0.00747681 -0.401367
0.0314331 0.00749588 -0.402344
0.0334167 0.00751495 -0.403564
0.0353088 0.00751495 -0.403564
-0.0234375 0.00560379 -0.402344
-0.0214844 0.00558853 -0.401367
-0.0195465 0.00557709 -0.400391
-0.0176239 0.00556183 -0.399414
-0.0157013 0.00554657 -0.398438
-0.0137711 0.00551987 -0.396484
-0.0118713 0.00550461 -0.395508
-0.00998688 0.00549316 -0.394531
-0.00811005 0.00547791 -0.393311
-0.00626373 0.00547791 -0.393311
-0.00440216 0.00546265 -0.392334
-0.00255585 0.00546265 -0.392334
-0.000709534 0.0054512 -0.391357
0.00113106 0.0054512 -0.391357
0.00297165 0.0054512 -0.391357
0.00481033 0.0054512 -0.391357
0.00665283 0.0054512 -0.391357
0.00849152 0.0054512 -0.391357
0.0103607 0.00546265 -0.392334
0.012207 0.00546265 -0.392334
0.0140533 0.00546265 -0.392334
0.0159302 0.00547791 -0.393311
0.0178223 0.00549316 -0.394531
0.0197296 0.00550461 -0.395508
0.0216522 0.00551987 -0.396484
0.0235748 0.00553513 -0.397461
0.0255127 0.00554657 -0.398438
0.0274506 0.00556183 -0.399414
0.02948 0.00558853 -0.401367
0.0314331 0.00560379 -0.402344
0.0334167 0.00561905 -0.403564
0.0353088 0.00561905 -0.403564
-0.0253296 0.0037117 -0.402344
-0.0234375 0.0037117 -0.402344
-0.0214844 0.00370216 -0.401367
-0.0195465 0.00369263 -0.400391
-0.0176239 0.00368309 -0.399414
-0.0156708 0.00366592 -0.397461
-0.0137711 0.00365639 -0.396484
-0.0118713 0.00364685 -0.395508
-0.00998688 0.00363731 -0.394531
-0.00811005 0.00362778 -0.393311
-0.00624847 0.00361824 -0.392334
-0.00440216 0.00361824 -0.392334
-0.00255013 0.0036087 -0.391357
-0.000709534 0.0036087 -0.391357
0.00113106 0.0036087 -0.391357
0.00297165 0.0036087 -0.391357
0.00479889 0.00360107 -0.390381
0.00665283 0.0036087 -0.391357
0.00849152 0.0036087 -0.391357
0.0103302 0.0036087 -0.391357
0.012207 0.00361824 -0.392334
0.0140533 0.00361824 -0.392334
0.0159302 0.00362778 -0.393311
0.0177765 0.00362778 -0.393311
0.0196838 0.00363731 -0.394531
0.0215912 0.00364685 -0.395508
0.0235138 0.00365639 -0.396484
0.0255127 0.00367355 -0.398438
0.0274506 0.00368309 -0.399414
0.0294037 0.00369263 -0.400391
0.0314331 0.0037117 -0.402344
0.0333252 0.0037117 -0.402344
0.0353088 0.00372124 -0.403564
-0.0234375 0.00181866 -0.402344
-0.0214844 0.00181389 -0.401367
-0.0195465 0.00181007 -0.400391
-0.0176239 0.00180531 -0.399414
-0.0156708 0.00179577 -0.397461
-0.0137711 0.00179195 -0.396484
-0.0118713 0.00178719 -0.395508
-0.00998688 0.00178242 -0.394531
-0.00811005 0.00177765 -0.393311
-0.00624847 0.00177383 -0.392334
-0.00440216 0.00177383 -0.392334
-0.00255013 0.00176907 -0.391357
-0.000709534 0.00176907 -0.391357
0.00113106 0.00176907 -0.391357
0.00296402 0.0017643 -0.390381
0.00479889 0.0017643 -0.390381
0.00663376 0.0017643 -0.390381
0.00846863 0.0017643 -0.390381
0.0103302 0.00176907 -0.391357
0.0121765 0.00176907 -0.391357
0.0140533 0.00177383 -0.392334
0.0158997 0.00177383 -0.392334
0.0177765 0.00177765 -0.393311
0.0196838 0.00178242 -0.394531
0.0215912 0.00178719 -0.395508
0.0235138 0.00179195 -0.396484
0.0254364 0.00179577 -0.397461
0.0274506 0.00180531 -0.399414
0.0294037 0.00181007 -0.400391
0.0313721 0.00181389 -0.401367
0.0333252 0.00181866 -0.402344
0.0353088 0.00182343 -0.403564
-0.0254517 -7.4029e-05 -0.404541
-0.0234985 -7.38502e-05 -0.403564
-0.0215454 -7.36713e-05 -0.402344
-0.0195465 -7.33137e-05 -0.400391
-0.0176239 -7.31349e-05 -0.399414
-0.0156708 -7.27773e-05 -0.397461
-0.0137711 -7.25985e-05 -0.396484
-0.0118713 -7.24196e-05 -0.395508
-0.00998688 -7.21812e-05 -0.394531
-0.00811005 -7.20024e-05 -0.393311
-0.00624847 -7.18236e-05 -0.392334
-0.00440216 -7.18236e-05 -0.392334
-0.00255013 -7.16448e-05 -0.391357
-0.000709534 -7.16448e-05 -0.391357
0.00113106 -7.16448e-05 -0.391357
0.00296402 -7.1466e-05 -0.390381
0.00479889 -7.1466e-05 -0.390381
0.00663376 -7.15256e-05 -0.390381
0.00846863 -7.15256e-05 -0.390381
0.0103302 -7.17044e-05 -0.391357
0.0121765 -7.17044e-05 -0.391357
0.0140533 -7.18832e-05 -0.392334
0.0158997 -7.18832e-05 -0.392334
0.0177765 -7.2062e-05 -0.393311
0.0196838 -7.22408e-05 -0.394531
0.0215912 -7.24196e-05 -0.395508
0.0235138 -7.25985e-05 -0.396484
0.0254364 -7.27773e-05 -0.397461
0.0274506 -7.31349e-05 -0.399414
0.0294037 -7.33137e-05 -0.400391
0.0313721 -7.35521e-05 -0.401367
0.0333252 -7.37309e-05 -0.402344
0.0353088 -7.39098e-05 -0.403564
-0.0255127 -0.00197983 -0.405518
-0.0234985 -0.00197029 -0.403564
-0.0215454 -0.00196648 -0.402344
-0.0196075 -0.00196075 -0.401367
-0.0176239 -0.00195122 -0.399414
-0.0157013 -0.00194645 -0.398438
-0.0137711 -0.00193691 -0.396484
-0.0118713 -0.00193214 -0.395508
-0.00998688 -0.00192738 -0.394531
-0.00811005 -0.00192165 -0.393311
-0.00624847 -0.00191689 -0.392334
-0.00440216 -0.00191689 -0.392334
-0.00255013 -0.00191212 -0.391357
-0.000709534 -0.00191212 -0.391357
0.00113106 -0.00191212 -0.391357
0.00296402 -0.00190735 -0.390381
0.00479889 -0.00190735 -0.390381
0.00663376 -0.00190735 -0.390381
0.00846863 -0.00190735 -0.390381
0.0103302 -0.00191212 -0.391357
0.0121765 -0.00191212 -0.391357
0.0140533 -0.00191689 -0.392334
0.0158997 -0.00191689 -0.392334
0.0177765 -0.00192165 -0.393311
0.0196838 -0.00192738 -0.394531
0.0215912 -0.00193214 -0.395508
0.0235138 -0.00193691 -0.396484
0.0254364 -0.00194168 -0.397461
0.0274506 -0.00195122 -0.399414
0.0294037 -0.00195503 -0.400391
0.0313721 -0.00196075 -0.401367
0.0333252 -0.00196648 -0.402344
0.0353088 -0.00197029 -0.403564
-0.0255127 -0.00388718 -0.405518
-0.0235596 -0.00387764 -0.404541
-0.0215912 -0.0038681 -0.403564
-0.0196075 -0.00384903 -0.401367
-0.0176697 -0.00383949 -0.400391
-0.0157013 -0.00382042 -0.398438
-0.0138016 -0.00381088 -0.397461
-0.0118713 -0.00379181 -0.395508
-0.00998688 -0.00378227 -0.394531
-0.00811005 -0.00377274 -0.393311
-0.00624847 -0.0037632 -0.392334
-0.00440216 -0.0037632 -0.392334
-0.00255013 -0.00375366 -0.391357
-0.000709534 -0.00375366 -0.391357
0.00113106 -0.00375366 -0.391357
0.00297165 -0.00375366 -0.391357
0.00479889 -0.00374413 -0.390381
0.00663376 -0.00374413 -0.390381
0.00849152 -0.00375366 -0.391357
0.0103302 -0.00375366 -0.391357
0.0121765 -0.00375366 -0.391357
0.0140533 -0.0037632 -0.392334
0.0158997 -0.0037632 -0.392334
0.0177765 -0.00377274 -0.393311
0.0196838 -0.00378227 -0.394531
0.0215912 -0.00379181 -0.395508
0.0235138 -0.00380135 -0.396484
0.0255127 -0.00382042 -0.398438
0.0274506 -0.00382996 -0.399414
0.0294037 -0.00383949 -0.400391
0.0313721 -0.00384903 -0.401367
0.0333252 -0.00385857 -0.402344
0.0353088 -0.0038681 -0.403564
-0.0255127 -0.00579453 -0.405518
-0.0235596 -0.00577927 -0.404541
-0.0215912 -0.00576401 -0.403564
-0.0196533 -0.00575256 -0.402344
-0.0176697 -0.00572205 -0.400391
-0.0157471 -0.00570679 -0.399414
-0.0138016 -0.00568008 -0.397461
-0.0119019 -0.00566483 -0.396484
-0.0100098 -0.00564957 -0.395508
-0.00813293 -0.00563431 -0.394531
-0.00626373 -0.00562286 -0.393311
-0.00440216 -0.0056076 -0.392334
-0.00255585 -0.0056076 -0.392334
-0.000709534 -0.00559235 -0.391357
0.00113106 -0.00559235 -0.391357
0.00297165 -0.00559235 -0.391357
0.00481033 -0.00559235 -0.391357
0.00665283 -0.00559235 -0.391357
0.00849152 -0.00559235 -0.391357
0.0103302 -0.00559235 -0.391357
0.012207 -0.0056076 -0.392334
0.0140533 -0.0056076 -0.392334
0.0159302 -0.00562286 -0.393311
0.0177765 -0.00562286 -0.393311
0.0196838 -0.00563431 -0.394531
0.0215912 -0.00564957 -0.395508
0.0235748 -0.00568008 -0.397461
0.0255127 -0.00569153 -0.398438
0.0274506 -0.00570679 -0.399414
0.0294037 -0.00572205 -0.400391
0.0313721 -0.0057373 -0.401367
0.0333252 -0.00575256 -0.402344
0.0353088 -0.00576401 -0.403564
-0.025589 -0.00772095 -0.406494
-0.0236206 -0.00770187 -0.405518
-0.0216522 -0.0076828 -0.404541
-0.0196991 -0.00766373 -0.403564
-0.0177155 -0.00762558 -0.401367
-0.0157471 -0.00758743 -0.399414
-0.0138397 -0.00756836 -0.398438
-0.0119019 -0.00753021 -0.396484
-0.0100098 -0.00751114 -0.395508
-0.00813293 -0.00749207 -0.394531
-0.00626373 -0.00747299 -0.393311
-0.00440216 -0.00745392 -0.392334
-0.00255585 -0.00745392 -0.392334
-0.000711441 -0.00745392 -0.392334
0.00113106 -0.00743484 -0.391357
0.00297165 -0.00743484 -0.391357
0.00481033 -0.00743484 -0.391357
0.00665283 -0.00743484 -0.391357
0.00849152 -0.00743484 -0.391357
0.0103607 -0.00745392 -0.392334
0.012207 -0.00745392 -0.392334
0.0140839 -0.00747299 -0.393311
0.0159302 -0.00747299 -0.393311
0.0178223 -0.00749207 -0.394531
0.0197296 -0.00751114 -0.395508
0.0216522 -0.00753021 -0.396484
0.0235748 -0.00754929 -0.397461
0.0255127 -0.00756836 -0.398438
0.0275116 -0.00760651 -0.400391
0.02948 -0.00762558 -0.401367
0.0314331 -0.00764465 -0.402344
0.0333252 -0.00764465 -0.402344
0.0353088 -0.00766373 -0.403564
-0.025589 -0.0096283 -0.406494
-0.0236206 -0.00960541 -0.405518
-0.0217133 -0.00960541 -0.405518
-0.0196991 -0.00955963 -0.403564
-0.0177612 -0.00953674 -0.402344
-0.0157928 -0.00949097 -0.400391
-0.0138702 -0.00946045 -0.399414
-0.0119324 -0.00941467 -0.397461
-0.0100403 -0.00939178 -0.396484
-0.00815582 -0.0093689 -0.395508
-0.00627899 -0.00934601 -0.394531
-0.0044136 -0.00932312 -0.393311
-0.00255585 -0.00930023 -0.392334
-0.000711441 -0.00930023 -0.392334
0.00113392 -0.00930023 -0.392334
0.00297928 -0.00930023 -0.392334
0.00482559 -0.00930023 -0.392334
0.00666809 -0.00930023 -0.392334
0.0085144 -0.00930023 -0.392334
0.0103607 -0.00930023 -0.392334
0.0122375 -0.00932312 -0.393311
0.0140839 -0.00932312 -0.393311
0.015976 -0.00934601 -0.394531
0.017868 -0.0093689 -0.395508
0.0197906 -0.00939178 -0.396484
0.021698 -0.00941467 -0.397461
0.0236359 -0.00943756 -0.398438
0.0255737 -0.00946045 -0.399414
0.0275116 -0.00949097 -0.400391
0.02948 -0.00951385 -0.401367
0.0314331 -0.00953674 -0.402344
0.0333252 -0.00953674 -0.402344
-0.0217133 -0.0115128 -0.405518
-0.0198059 -0.0115128 -0.405518
-0.017807 -0.0114594 -0.403564
-0.0158691 -0.0114288 -0.402344
-0.0139084 -0.0113678 -0.400391
-0.0119629 -0.0113144 -0.398438
-0.0100632 -0.0112839 -0.397461
-0.00817108 -0.0112534 -0.396484
-0.00629425 -0.0112305 -0.395508
-0.00442505 -0.0112 -0.394531
-0.00256348 -0.0111694 -0.393311
-0.000713348 -0.0111694 -0.393311
0.00113678 -0.0111694 -0.393311
0.00297928 -0.0111389 -0.392334
0.00482559 -0.0111389 -0.392334
0.00668716 -0.0111694 -0.393311
0.00853729 -0.0111694 -0.393311
0.0103836 -0.0111694 -0.393311
0.0122681 -0.0112 -0.394531
0.014122 -0.0112 -0.394531
0.0160217 -0.0112305 -0.395508
0.0179138 -0.0112534 -0.396484
0.0198364 -0.0112839 -0.397461
0.021759 -0.0113144 -0.398438
0.0236969 -0.0113449 -0.399414
0.0256348 -0.0113678 -0.400391
0.0275879 -0.0113983 -0.401367
0.02948 -0.0113983 -0.401367
0.0314331 -0.0114288 -0.402344
0.0333252 -0.0114288 -0.402344
-0.0218201 -0.0134888 -0.407471
-0.0198517 -0.0134506 -0.406494
-0.0178986 -0.0134201 -0.405518
-0.0158997 -0.0133514 -0.403564
-0.0139771 -0.0133209 -0.402344
-0.0120239 -0.0132523 -0.400391
-0.0100861 -0.0131912 -0.398438
-0.00819397 -0.0131531 -0.397461
-0.00630951 -0.0131226 -0.396484
-0.00443649 -0.0130844 -0.395508
-0.0025692 -0.0130539 -0.394531
-0.000715256 -0.0130539 -0.394531
0.00113678 -0.0130234 -0.393311
0.00298691 -0.0130234 -0.393311
0.00483704 -0.0130234 -0.393311
0.00668716 -0.0130234 -0.393311
0.00856018 -0.0130539 -0.394531
0.0104141 -0.0130539 -0.394531
0.0122986 -0.0130844 -0.395508
0.0141602 -0.0130844 -0.395508
0.0160522 -0.0131226 -0.396484
0.0179596 -0.0131531 -0.397461
0.0198822 -0.0131912 -0.398438
0.0218201 -0.0132217 -0.399414
0.0237579 -0.0132523 -0.400391
0.0257568 -0.0133209 -0.402344
0.0277252 -0.0133514 -0.403564
0.0295563 -0.0133209 -0.402344
-0.0218658 -0.0154419 -0.408447
-0.0199432 -0.0154419 -0.408447
-0.0179291 -0.0153656 -0.406494
-0.0159912 -0.0153275 -0.405518
-0.0140152 -0.0152512 -0.403564
-0.012085 -0.015213 -0.402344
-0.0101395 -0.0151367 -0.400391
-0.00821686 -0.0150604 -0.398438
-0.00632858 -0.0150223 -0.397461
-0.00444794 -0.0149841 -0.396484
-0.00257683 -0.014946 -0.395508
-0.000716686 -0.014946 -0.395508
0.0011425 -0.014946 -0.395508
0.00299454 -0.0149078 -0.394531
0.00484848 -0.0149078 -0.394531
0.00670242 -0.0149078 -0.394531
0.00857544 -0.014946 -0.395508
0.010437 -0.014946 -0.395508
0.0123291 -0.0149841 -0.396484
0.0142288 -0.0150223 -0.397461
0.016098 -0.0150223 -0.397461
0.0180054 -0.0150604 -0.398438
0.019928 -0.0150986 -0.399414
0.0219269 -0.0151749 -0.401367
0.0238647 -0.015213 -0.402344
0.0258331 -0.0152512 -0.403564
0.0278625 -0.0153275 -0.405518
0.0297699 -0.0153275 -0.405518
-0.0220337 -0.0174866 -0.411377
-0.02005 -0.0174408 -0.4104
-0.0180206 -0.0173645 -0.408447
-0.0160675 -0.0173187 -0.407471
-0.0140839 -0.0172272 -0.405518
-0.0121155 -0.0171509 -0.403564
-0.0101929 -0.0171051 -0.402344
-0.008255 -0.0170135 -0.400391
-0.0063591 -0.0169678 -0.399414
-0.00446701 -0.0169373 -0.398438
-0.00258827 -0.0168915 -0.397461
-0.000718594 -0.0168457 -0.396484
0.00114536 -0.0168457 -0.396484
0.0030098 -0.0168457 -0.396484
0.00485992 -0.0167999 -0.395508
0.00673676 -0.0168457 -0.396484
0.00859833 -0.0168457 -0.396484
0.0104675 -0.0168457 -0.396484
0.0123596 -0.0168915 -0.397461
0.014267 -0.0169373 -0.398438
0.0161743 -0.0169678 -0.399414
0.0180969 -0.0170135 -0.400391
0.0200348 -0.0170593 -0.401367
0.0220337 -0.0171509 -0.403564
0.0239868 -0.0171814 -0.404541
0.0260162 -0.0172729 -0.406494
0.0279999 -0.0173187 -0.407471
0.0301361 -0.0174408 -0.4104
-0.0243073 -0.0196991 -0.41748
-0.0221863 -0.0195618 -0.414551
-0.0201416 -0.0194702 -0.412598
-0.0181122 -0.0193787 -0.4104
-0.016098 -0.0192871 -0.408447
-0.0141525 -0.0192261 -0.407471
-0.0121765 -0.0191345 -0.405518
-0.0102158 -0.019043 -0.403564
-0.00830078 -0.0189972 -0.402344
-0.00638962 -0.0189514 -0.401367
-0.00447845 -0.0188599 -0.399414
-0.0025959 -0.0187988 -0.398438
-0.000722408 -0.0187988 -0.398438
0.00114822 -0.0187531 -0.397461
0.00301743 -0.0187531 -0.397461
0.00488663 -0.0187531 -0.397461
0.00675583 -0.0187531 -0.397461
0.00862122 -0.0187531 -0.397461
0.0105209 -0.0187988 -0.398438
0.0123901 -0.0187988 -0.398438
0.0143051 -0.0188599 -0.399414
0.0162201 -0.0189056 -0.400391
0.0181885 -0.0189972 -0.402344
0.0201416 -0.019043 -0.403564
0.0220947 -0.0190887 -0.404541
0.0241089 -0.0191803 -0.406494
0.0261536 -0.0192871 -0.408447
0.0282135 -0.0193787 -0.4104
0.0302887 -0.0194702 -0.412598
0.0345764 -0.0196991 -0.41748
-0.0243683 -0.0217285 -0.418457
-0.0222473 -0.0215607 -0.415527
-0.0201874 -0.0214691 -0.413574
-0.018158 -0.0213623 -0.411377
-0.0161438 -0.0212555 -0.409424
-0.014183 -0.0211945 -0.408447
-0.012207 -0.0211029 -0.406494
-0.0102692 -0.0210419 -0.405518
-0.00831604 -0.0209351 -0.403564
-0.00640869 -0.0208893 -0.402344
-0.00450134 -0.0208435 -0.401367
-0.00260925 -0.0207825 -0.400391
-0.000724316 -0.0207367 -0.399414
0.00115108 -0.0206757 -0.398438
0.00302505 -0.0206757 -0.398438
0.00489807 -0.0206757 -0.398438
0.00677109 -0.0206757 -0.398438
0.0086441 -0.0206757 -0.398438
0.0105438 -0.0207367 -0.399414
0.0124512 -0.0207825 -0.400391
0.0143738 -0.0208435 -0.401367
0.0162964 -0.0208893 -0.402344
0.0182343 -0.0209351 -0.403564
0.0201874 -0.0209961 -0.404541
0.0222015 -0.0211029 -0.406494
0.024231 -0.0211945 -0.408447
0.0262146 -0.0212555 -0.409424
0.0282745 -0.0213623 -0.411377
0.030365 -0.0214691 -0.413574
0.0324402 -0.0215607 -0.415527
0.0344238 -0.0215607 -0.415527
0.0362854 -0.0215149 -0.414551
0.038147 -0.0214691 -0.413574
0.0419312 -0.0214081 -0.412598
0.0439758 -0.0214691 -0.413574
0.0461426 -0.0215607 -0.415527
0.0485535 -0.0217743 -0.419434
-0.028717 -0.0240326 -0.424561
-0.026535 -0.0238647 -0.421631
-0.0243683 -0.0236969 -0.418457
-0.0222473 -0.0235138 -0.415527
-0.0201874 -0.023407 -0.413574
-0.018158 -0.0233002 -0.411377
-0.0161896 -0.0232391 -0.4104
-0.014183 -0.0231171 -0.408447
-0.0122375 -0.0230713 -0.407471
-0.0102921 -0.0230103 -0.406494
-0.00833893 -0.0228882 -0.404541
-0.00642395 -0.0228424 -0.403564
-0.00451279 -0.0227814 -0.402344
-0.00261497 -0.0227203 -0.401367
-0.000725746 -0.0226746 -0.400391
0.00115395 -0.0226135 -0.399414
0.00303268 -0.0226135 -0.399414
0.00489807 -0.0225525 -0.398438
0.00677109 -0.0225525 -0.398438
0.00866699 -0.0226135 -0.399414
0.0105438 -0.0226135 -0.399414
0.0124512 -0.0226746 -0.400391
0.0143738 -0.0227203 -0.401367
0.0163422 -0.0228424 -0.403564
0.01828 -0.0228882 -0.404541
0.0202332 -0.0229492 -0.405518
0.0222473 -0.0230713 -0.407471
0.024231 -0.0231171 -0.408447
0.0262756 -0.0232391 -0.4104
0.0282745 -0.0233002 -0.411377
0.0302887 -0.0233459 -0.412598
0.0322876 -0.023407 -0.413574
0.0342407 -0.023407 -0.413574
0.0361023 -0.0233459 -0.412598
0.0380249 -0.0233459 -0.412598
0.0397034 -0.0231781 -0.409424
0.0418091 -0.0233002 -0.411377
0.0438538 -0.0233459 -0.412598
0.0460205 -0.023468 -0.414551
0.0484314 -0.0236969 -0.418457
0.0505371 -0.0237427 -0.419434
-0.028656 -0.0259705 -0.423584
-0.026535 -0.0258484 -0.421631
-0.0243073 -0.0256042 -0.41748
-0.0222473 -0.0254822 -0.415527
-0.0201874 -0.0253448 -0.413574
-0.018158 -0.0252228 -0.411377
-0.0161438 -0.0251007 -0.409424
-0.014183 -0.0250397 -0.408447
-0.012207 -0.0249176 -0.406494
-0.0102692 -0.0248566 -0.405518
-0.00833893 -0.0247955 -0.404541
-0.00643921 -0.0247955 -0.404541
-0.00452423 -0.0247345 -0.403564
-0.0026226 -0.0246735 -0.402344
-0.000727654 -0.0246124 -0.401367
0.00115681 -0.0245514 -0.400391
0.00303268 -0.0244904 -0.399414
0.00490952 -0.0244904 -0.399414
0.00679016 -0.0244904 -0.399414
0.00866699 -0.0244904 -0.399414
0.0105743 -0.0245514 -0.400391
0.0124893 -0.0246124 -0.401367
0.0144119 -0.0246735 -0.402344
0.0163422 -0.0247345 -0.403564
0.01828 -0.0247955 -0.404541
0.0202789 -0.0249176 -0.406494
0.0222473 -0.0249786 -0.407471
0.024231 -0.0250397 -0.408447
0.0262756 -0.0251617 -0.4104
0.0282745 -0.0252228 -0.411377
0.0302124 -0.0252228 -0.411377
0.0322266 -0.0252838 -0.412598
0.0340881 -0.0252228 -0.411377
0.0360107 -0.0252228 -0.411377
0.0378418 -0.0251617 -0.4104
0.0395813 -0.0250397 -0.408447
0.0415039 -0.0250397 -0.408447
0.0436401 -0.0251617 -0.4104
0.0458069 -0.0252838 -0.412598
0.0483093 -0.0256042 -0.41748
0.050293 -0.0256042 -0.41748
-0.0285187 -0.027832 -0.421631
-0.026474 -0.0277557 -0.42041
-0.0242615 -0.0274963 -0.416504
-0.0221863 -0.027359 -0.414551
-0.0201416 -0.0272369 -0.412598
-0.0181122 -0.0270996 -0.4104
-0.016098 -0.0269623 -0.408447
-0.0141144 -0.0268402 -0.406494
-0.0121765 -0.0267639 -0.405518
-0.0102692 -0.0267639 -0.405518
-0.00833893 -0.0267029 -0.404541
-0.00642395 -0.0266266 -0.403564
-0.00451279 -0.0265656 -0.402344
-0.00261497 -0.0265045 -0.401367
-0.000727654 -0.0265045 -0.401367
0.00115681 -0.0264282 -0.400391
0.00303268 -0.0263672 -0.399414
0.00490952 -0.0263672 -0.399414
0.00679016 -0.0263672 -0.399414
0.00866699 -0.0263672 -0.399414
0.0105743 -0.0264282 -0.400391
0.0124512 -0.0264282 -0.400391
0.0143738 -0.0265045 -0.401367
0.0163422 -0.0266266 -0.403564
0.01828 -0.0267029 -0.404541
0.0202332 -0.0267639 -0.405518
0.0222473 -0.0269012 -0.407471
0.024231 -0.0269623 -0.408447
0.0262146 -0.0270386 -0.409424
0.0282135 -0.0270996 -0.4104
0.0301361 -0.0270996 -0.4104
0.032074 -0.0270996 -0.4104
0.0339966 -0.0270996 -0.4104
0.0358276 -0.0270386 -0.409424
0.0377502 -0.0270386 -0.409424
0.0394897 -0.0269012 -0.407471
0.0414124 -0.0269012 -0.407471
0.0434265 -0.0269623 -0.408447
0.0454712 -0.0270386 -0.409424
0.0475159 -0.0270996 -0.4104
0.0498047 -0.027298 -0.413574
-0.0241394 -0.0293121 -0.414551
-0.0220795 -0.0291748 -0.412598
-0.0200958 -0.0290985 -0.411377
-0.0180206 -0.0288849 -0.408447
-0.0160217 -0.0287476 -0.406494
-0.0140839 -0.0286713 -0.405518
-0.012146 -0.028595 -0.404541
-0.0102158 -0.0285339 -0.403564
-0.00831604 -0.0285339 -0.403564
-0.00640869 -0.0284576 -0.402344
-0.00451279 -0.0284576 -0.402344
-0.00261497 -0.0283966 -0.401367
-0.000725746 -0.0283203 -0.400391
0.00115395 -0.028244 -0.399414
0.00303268 -0.028244 -0.399414
0.00489807 -0.028183 -0.398438
0.00677109 -0.028183 -0.398438
0.00866699 -0.028244 -0.399414
0.0105438 -0.028244 -0.399414
0.0124512 -0.0283203 -0.400391
0.0143738 -0.0283966 -0.401367
0.0162964 -0.0284576 -0.402344
0.01828 -0.028595 -0.404541
0.0202332 -0.0286713 -0.405518
0.0222015 -0.0287476 -0.406494
0.0241699 -0.0288086 -0.407471
0.0262146 -0.0289612 -0.409424
0.0281372 -0.0289612 -0.409424
0.0300598 -0.0289612 -0.409424
0.0319824 -0.0289612 -0.409424
0.033905 -0.0289612 -0.409424
0.0357361 -0.0288849 -0.408447
0.0375671 -0.0288086 -0.407471
0.0394897 -0.0288086 -0.407471
0.0414124 -0.0288086 -0.407471
0.043335 -0.0288086 -0.407471
0.0452576 -0.0288086 -0.407471
0.0471497 -0.0288086 -0.407471
-0.0220337 -0.0310364 -0.411377
-0.02005 -0.0309601 -0.4104
-0.0179749 -0.0307312 -0.407471
-0.0159912 -0.0305786 -0.405518
-0.0140152 -0.030426 -0.403564
-0.0121155 -0.030426 -0.403564
-0.0101929 -0.0303497 -0.402344
-0.00830078 -0.0303497 -0.402344
-0.00640869 -0.0303497 -0.402344
-0.00450134 -0.0302734 -0.401367
-0.00260925 -0.0301971 -0.400391
-0.000725746 -0.0301971 -0.400391
0.00115108 -0.0300446 -0.398438
0.00302505 -0.0300446 -0.398438
0.00489807 -0.0300446 -0.398438
0.00677109 -0.0300446 -0.398438
0.0086441 -0.0300446 -0.398438
0.0105438 -0.0301208 -0.399414
0.0124207 -0.0301208 -0.399414
0.0143356 -0.0301971 -0.400391
0.0162964 -0.0303497 -0.402344
0.0182343 -0.030426 -0.403564
0.0201874 -0.0305023 -0.404541
0.0221405 -0.0305786 -0.405518
0.0241699 -0.0307312 -0.407471
-0.0179291 -0.0325623 -0.406494
-0.0158997 -0.0323181 -0.403564
-0.0139771 -0.0322266 -0.402344
-0.012085 -0.0322266 -0.402344
-0.0101624 -0.0321655 -0.401367
-0.00827789 -0.0321655 -0.401367
-0.00638962 -0.0321655 -0.401367
-0.00450134 -0.0321655 -0.401367
-0.00260925 -0.032074 -0.400391
-0.000724316 -0.0319824 -0.399414
0.00115108 -0.0319214 -0.398438
0.00301743 -0.0318298 -0.397461
0.00488663 -0.0318298 -0.397461
0.00675583 -0.0318298 -0.397461
0.0086441 -0.0319214 -0.398438
0.0105209 -0.0319214 -0.398438
0.0124207 -0.0319824 -0.399414
0.0143356 -0.032074 -0.400391
0.0162659 -0.0321655 -0.401367
0.0181885 -0.0322266 -0.402344
0.0201416 -0.0323181 -0.403564
0.0222015 -0.0325623 -0.406494
-0.0139389 -0.0340576 -0.401367
-0.0120544 -0.0340576 -0.401367
-0.0101395 -0.0339661 -0.400391
0.00114822 -0.0336914 -0.397461
0.00301743 -0.0336914 -0.397461
0.00488663 -0.0336914 -0.397461
0.00675583 -0.0336914 -0.397461
0.0086441 -0.033783 -0.398438
0.0105209 -0.033783 -0.398438
0.0124207 -0.0338745 -0.399414
0.0143356 -0.0339661 -0.400391
0.0162659 -0.0340576 -0.401367
0.01828 -0.0343018 -0.404541
0.0202789 -0.0344849 -0.406494
0.0086441 -0.035675 -0.398438
0.0105209 -0.035675 -0.398438
0.0124207 -0.0357666 -0.399414
0.0184174 -0.0364685 -0.407471
