-0.018193956 0.022288613 -0.38134801
-0.016880322 0.023494344 -0.380371
-0.015615244 0.024759421 -0.380371
-0.014350167 0.0260245 -0.380371
-0.013050009 0.027216753 -0.37939501
-0.011787611 0.02847915 -0.37939501
-0.010530658 0.029736103 -0.37939501
-0.019457042 0.018479235 -0.38134801
-0.018189268 0.019747011 -0.38134801
-0.016883001 0.020966869 -0.380371
-0.015617924 0.022231946 -0.380371
-0.014312379 0.023429587 -0.37939501
-0.013049995 0.024691971 -0.37939501
-0.011787611 0.025954355 -0.37939501
-0.010498273 0.027135788 -0.378418
-0.0092358757 0.028398186 -0.378418
-0.0079788519 0.029655211 -0.378418
-0.006721898 0.030912163 -0.378418
-0.0054703197 0.032163743 -0.378418
-0.0042079217 0.03342614 -0.378418
-0.020729529 0.014681956 -0.38134801
-0.019463101 0.015948385 -0.38134801
-0.018139344 0.017164234 -0.380371
-0.016874939 0.018428637 -0.380371
-0.015609855 0.019693723 -0.380371
-0.014312365 0.020904807 -0.37939501
-0.013049982 0.022167191 -0.37939501
-0.011760648 0.023370253 -0.378418
-0.01050366 0.024627242 -0.378418
-0.009246693 0.025884209 -0.378418
-0.0079572843 0.027065715 -0.37744099
-0.0067003318 0.028322667 -0.37744099
-0.0054487525 0.029574247 -0.37744099
-0.0041971742 0.030825824 -0.37744099
-0.002934776 0.032088224 -0.37744099
-0.0016831963 0.033339802 -0.37744099
-0.0004423653 0.034688536 -0.378418
0.00083084975 0.036048021 -0.37939501
-0.021994565 0.010870486 -0.38134801
-0.020726785 0.012138266 -0.38134801
-0.019456312 0.013408739 -0.38134801
-0.018141355 0.014637429 -0.380371
-0.016876947 0.015901837 -0.380371
-0.015571432 0.017121086 -0.37939501
-0.014309721 0.018382797 -0.37939501
-0.013014923 0.019591186 -0.378418
-0.01175524 0.020850867 -0.378418
-0.010498252 0.022107856 -0.378418
-0.0092143165 0.023305526 -0.37744099
-0.0079627298 0.024557112 -0.37744099
-0.0067057065 0.025814136 -0.37744099
-0.0054380042 0.026995568 -0.37646499
-0.0041864249 0.028247148 -0.37646499
-0.002934776 0.029498797 -0.37646499
-0.0016831977 0.030836646 -0.37744099
-0.00043161798 0.032088224 -0.37744099
0.00082003104 0.033339873 -0.37744099
0.0020824303 0.03468854 -0.378418
0.0033448271 0.035950936 -0.378418
0.0046071536 0.03729967 -0.37939501
0.0058587319 0.038551249 -0.37939501
-0.022000007 0.0083403885 -0.38134801
-0.020732237 0.0096081598 -0.38134801
-0.019407762 0.010846226 -0.380371
-0.018142683 0.012111303 -0.380371
-0.016878957 0.013375031 -0.380371
-0.015570066 0.014597654 -0.37939501
-0.014309034 0.015858687 -0.37939501
-0.013020332 0.017082619 -0.378418
-0.011728306 0.018288376 -0.37744099
-0.010474012 0.01954267 -0.37744099
-0.0091927052 0.020737568 -0.37646499
-0.0079411129 0.021989161 -0.37646499
-0.0066895122 0.02324076 -0.37646499
-0.0054163672 0.024427639 -0.37524399
-0.0041701621 0.025673846 -0.37524399
-0.0029239573 0.02692005 -0.37524399
-0.0016831263 0.028247146 -0.37646499
-0.00043154656 0.029498726 -0.37646499
0.00082003174 0.030750304 -0.37646499
0.0020716107 0.032088295 -0.37744099
0.003323189 0.033339873 -0.37744099
0.0045964061 0.034699354 -0.378418
0.0058479854 0.035950936 -0.378418
0.0071211304 0.037288852 -0.37939501
0.0083942758 0.038561996 -0.37939501
0.0096674943 0.039921481 -0.380371
-0.020726793 0.0070671719 -0.38134801
-0.019410448 0.0083187427 -0.380371
-0.018145364 0.009583828 -0.380371
-0.016829062 0.010813861 -0.37939501
-0.015569373 0.01207355 -0.37939501
-0.014274273 0.013303883 -0.378418
-0.012985981 0.014527545 -0.37744099
-0.011731016 0.015782511 -0.37744099
-0.010441612 0.016985504 -0.37646499
-0.0091900192 0.018237097 -0.37646499
-0.0079249274 0.019437417 -0.37524399
-0.0066733346 0.020689011 -0.37524399
-0.0054055485 0.021870529 -0.374268
-0.0041594142 0.023116665 -0.374268
-0.0029132091 0.02436287 -0.374268
-0.0016723776 0.0256037 -0.374268
-0.00043154726 0.026930798 -0.37524399
0.00080928369 0.028171629 -0.37524399
0.002060862 0.029423207 -0.37524399
0.0033231897 0.030750306 -0.37646499
0.0045747696 0.032001887 -0.37646499
0.0058371658 0.033350691 -0.37744099
0.0070887441 0.03460227 -0.37744099
0.0083727809 0.035950936 -0.378418
0.0096243573 0.037202515 -0.378418
0.010908254 0.038551178 -0.37939501
-0.021999929 0.0032692368 -0.38134801
-0.020732159 0.0045370087 -0.38134801
-0.019399686 0.0057832138 -0.380371
-0.018137302 0.0070455968 -0.380371
-0.016829051 0.008289081 -0.37939501
-0.015526256 0.0095272465 -0.378418
-0.014269267 0.010784235 -0.378418
-0.01297821 0.012010519 -0.37744099
-0.01169322 0.013230738 -0.37646499
-0.010441626 0.014482331 -0.37646499
-0.0091657452 0.015693443 -0.37524399
-0.0078979442 0.016896471 -0.374268
-0.0066571413 0.018137274 -0.374268
-0.0054109441 0.019383473 -0.374268
-0.00415404 0.020575747 -0.37329099
-0.0029132091 0.021816578 -0.37329099
-0.0016723783 0.023057409 -0.37329099
-0.00043161798 0.024298169 -0.37329099
0.00080921297 0.025539 -0.37329099
0.0020608627 0.026855279 -0.374268
0.0033016237 0.028096041 -0.374268
0.0045640199 0.029423209 -0.37524399
0.0058048512 0.03066404 -0.37524399
0.007077998 0.032001957 -0.37646499
0.0083295768 0.033253536 -0.37646499
0.0096027218 0.034591451 -0.37744099
0.010886685 0.035940185 -0.378418
0.012138264 0.037191767 -0.378418
0.01341141 0.038464911 -0.378418
-0.021994555 0.00072831928 -0.38134801
-0.020726783 0.0019960911 -0.38134801
-0.019405061 0.0032530455 -0.380371
-0.018137289 0.0045208177 -0.380371
-0.016826406 0.0057670716 -0.37939501
-0.015534294 0.0070159058 -0.378418
-0.0142342 0.0082513699 -0.37744099
-0.012943476 0.0094773239 -0.37646499
-0.011692897 0.010727903 -0.37646499
-0.010411277 0.011944752 -0.37524399
-0.0091468869 0.01316601 -0.374268
-0.0079033896 0.014409508 -0.374268
-0.0066382899 0.015609835 -0.37329099
-0.0053947866 0.016853338 -0.37329099
-0.0041431789 0.018040175 -0.37231401
-0.0029023904 0.019280963 -0.37231401
-0.0016669335 0.02051642 -0.37231401
-0.00042617327 0.02175718 -0.37231401
0.00080921297 0.022992566 -0.37231401
0.0020500433 0.024233397 -0.37231401
0.0032908742 0.025474228 -0.37231401
0.0045316345 0.02677976 -0.37329099
0.0057724668 0.028020592 -0.37329099
0.0070347926 0.02934769 -0.374268
0.0083080092 0.030664038 -0.37524399
0.0095595885 0.03191562 -0.37524399
0.010832734 0.033253536 -0.37646499
0.012105881 0.034591451 -0.37744099
0.013357461 0.03584303 -0.37744099
0.014663061 0.037213262 -0.378418
-0.020726785 -0.00053945178 -0.38134801
-0.019405132 0.00072831998 -0.380371
-0.018142734 0.0019907178 -0.380371
-0.016831765 0.0032476638 -0.37939501
-0.01553433 0.0045019649 -0.378418
-0.014239539 0.0057427324 -0.37744099
-0.012950215 0.0069781751 -0.37646499
-0.011666215 0.0082081519 -0.37524399
-0.010390042 0.0094304439 -0.374268
-0.0091455281 0.010674958 -0.374268
-0.0078791352 0.011887469 -0.37329099
-0.0066194106 0.013093171 -0.37231401
-0.005381309 0.014331273 -0.37231401
-0.0041324454 0.015526255 -0.37133801
-0.0028970377 0.016761662 -0.37133801
-0.0016616302 0.017997069 -0.37133801
-0.00042624396 0.019232456 -0.37133801
0.00080921297 0.020467913 -0.37133801
0.0020392253 0.021697925 -0.37133801
0.0032799863 0.022938685 -0.37133801
0.0045099985 0.024168698 -0.37133801
0.0057562729 0.025468854 -0.37231401
0.0069970344 0.026709616 -0.37231401
0.0082539869 0.028020591 -0.37329099
0.009521829 0.029342314 -0.374268
0.010773408 0.030593894 -0.374268
0.012051998 0.031926364 -0.37524399
0.013319771 0.03324816 -0.37646499
0.01457135 0.034499742 -0.37646499
0.015860759 0.03584303 -0.37744099
-0.022053953 -0.0043590311 -0.38232401
-0.020726785 -0.0030749952 -0.38134801
-0.019410506 -0.0018018495 -0.380371
-0.018142734 -0.00053407776 -0.380371
-0.016837202 0.00072831998 -0.37939501
-0.015531615 0.0019798845 -0.378418
-0.014236874 0.0032314921 -0.37744099
-0.012950229 0.0044750031 -0.37646499
-0.011663536 0.0057076742 -0.37524399
-0.010389025 0.0069390507 -0.374268
-0.0091209225 0.0081640203 -0.37329099
-0.0078797787 0.009405164 -0.37329099
-0.0066166879 0.010614231 -0.37231401
-0.0053651091 0.011822676 -0.37133801
-0.0041323956 0.013055391 -0.37133801
-0.0028916073 0.014253045 -0.370361
-0.0016615951 0.015483057 -0.370361
-0.00042617327 0.016718479 -0.370361
0.00080383901 0.017948491 -0.370361
0.0020284066 0.019129926 -0.369385
0.0032638642 0.020408517 -0.370361
0.004493875 0.021638528 -0.370361
0.0057238871 0.02286854 -0.370361
0.0069754664 0.024163252 -0.37133801
0.0082162991 0.025404084 -0.37133801
0.0094786957 0.026709614 -0.37231401
0.010719527 0.027950447 -0.37231401
0.011987227 0.029272169 -0.37329099
0.013260445 0.030588521 -0.374268
0.01453359 0.031904798 -0.37524399
0.015822928 0.03324816 -0.37646499
0.017074507 0.034499738 -0.37646499
0.018326085 0.035751317 -0.37646499
0.019642437 0.037110802 -0.37744099
-0.020786183 -0.0056268028 -0.38232401
-0.019459013 -0.0043427669 -0.38134801
-0.018142734 -0.0030696213 -0.380371
-0.016837202 -0.0017964755 -0.37939501
-0.015531671 -0.00053407776 -0.378418
-0.014231443 0.00072287518 -0.37744099
-0.012950243 0.0019718311 -0.37646499
-0.011663528 0.003215271 -0.37524399
-0.010387667 0.0044479989 -0.374268
-0.0091212317 0.0056820484 -0.37329099
-0.0078575127 0.0069026342 -0.37231401
-0.0065998659 0.0081171477 -0.37133801
-0.00536513 0.0093518831 -0.37133801
-0.0041189464 0.010554934 -0.370361
-0.0028862332 0.011787646 -0.370361
-0.0016562141 0.012985281 -0.369385
-0.00042619454 0.0142153 -0.369385
0.00080383901 0.015445333 -0.369385
0.0020284066 0.016669901 -0.369385
0.0032530448 0.017851405 -0.36840799
0.0044830572 0.019124551 -0.369385
0.0057130693 0.020354563 -0.369385
0.006943082 0.021584576 -0.369385
0.0082001043 0.022873985 -0.370361
0.009430117 0.024103997 -0.370361
0.010681697 0.025398711 -0.37133801
0.011922528 0.026639542 -0.37133801
0.013184926 0.027945071 -0.37231401
0.014468891 0.029272171 -0.37329099
0.015758229 0.030593894 -0.374268
0.017031373 0.031910174 -0.37524399
0.018326085 0.03324816 -0.37646499
0.019577665 0.034499738 -0.37646499
0.020829244 0.03575132 -0.37646499
0.02215104 0.037105359 -0.37744099
-0.020786155 -0.0081731221 -0.38232401
-0.019453619 -0.0068729576 -0.38134801
-0.018142726 -0.005594424 -0.380371
-0.016837131 -0.0043211998 -0.37939501
-0.015531608 -0.0030480472 -0.378418
-0.014236903 -0.001785713 -0.37744099
-0.012947507 -0.00052868936 -0.37646499
-0.011666244 0.00072020275 -0.37524399
-0.010384987 0.0019583111 -0.374268
-0.0091172084 0.0031937186 -0.37329099
-0.0078548249 0.0044237305 -0.37231401
-0.0065991827 0.0056470013 -0.37133801
-0.005350288 0.0068635247 -0.370361
-0.0041189254 0.0080948882 -0.370361
-0.0028808238 0.0093006324 -0.369385
-0.0016535058 0.01052795 -0.369385
-0.00042618762 0.011722897 -0.36840799
0.00079842925 0.012947514 -0.36840799
0.0020230324 0.014172117 -0.36840799
0.0032530446 0.015402129 -0.36840799
0.004477683 0.016626768 -0.36840799
0.0056968764 0.01784596 -0.36840799
0.0069268886 0.019075973 -0.36840799
0.0081461538 0.020295238 -0.36840799
0.0094031133 0.02158457 -0.369385
0.010622378 0.022803834 -0.369385
0.011890163 0.024103975 -0.370361
0.013157942 0.025404127 -0.37133801
0.014387955 0.02663414 -0.37133801
0.015666481 0.027945036 -0.37231401
0.016955826 0.029266754 -0.37329099
0.018234424 0.030577721 -0.374268
0.019529201 0.03191565 -0.37524399
0.020780778 0.033167224 -0.37524399
0.022080872 0.03449969 -0.37646499
0.023332523 0.035751343 -0.37646499
-0.01951568 -0.009443596 -0.38232401
-0.018185847 -0.0081407297 -0.38134801
-0.016831772 -0.0068406085 -0.37939501
-0.015534323 -0.0055701276 -0.378418
-0.014239567 -0.0042969538 -0.37744099
-0.012947486 -0.0030318548 -0.37646499
-0.011666251 -0.0017775887 -0.37524399
-0.010390382 -0.00052868976 -0.374268
-0.0091199027 0.00071480696 -0.37329099
-0.0078575192 0.001950222 -0.37231401
-0.0066005378 0.003180234 -0.37133801
-0.0053516366 0.0044021518 -0.370361
-0.0041088136 0.005618006 -0.369385
-0.0028808238 0.0068459958 -0.369385
-0.0016481105 0.00805174 -0.36840799
-0.00042349318 0.0092763575 -0.36840799
0.00079303409 0.010471304 -0.367432
0.0020176515 0.011695921 -0.367432
0.0032368731 0.012915143 -0.367432
0.0044615115 0.014139781 -0.367432
0.005680705 0.015358974 -0.367432
0.0068999692 0.016578238 -0.367432
0.0081191622 0.017797433 -0.367432
0.0093491748 0.019027445 -0.367432
0.010600783 0.020300632 -0.36840799
0.011819975 0.021519825 -0.36840799
0.013079708 0.022806527 -0.369385
0.014350187 0.024103975 -0.370361
0.015620661 0.025401432 -0.37133801
0.01686142 0.026642192 -0.37133801
0.018142719 0.02795046 -0.37231401
0.019423947 0.029258655 -0.37329099
0.020726806 0.030588498 -0.374268
0.02202967 0.031918332 -0.37524399
0.023332465 0.033248097 -0.37646499
0.024584118 0.03449975 -0.37646499
-0.018245209 -0.010714068 -0.38232401
-0.016874891 -0.0093869129 -0.380371
-0.01557209 -0.0081002908 -0.37939501
-0.014234158 -0.006805521 -0.37744099
-0.012947543 -0.0055350978 -0.37646499
-0.011663542 -0.0042726644 -0.37524399
-0.010384987 -0.00301569 -0.374268
-0.0091199027 -0.0017667982 -0.37329099
-0.0078575192 -0.00052599557 -0.37231401
-0.0066005308 0.0007094121 -0.37133801
-0.0053529893 0.0019407746 -0.370361
-0.0041094846 0.0031626986 -0.369385
-0.0028727273 0.004377875 -0.36840799
-0.0016481102 0.005602492 -0.36840799
-0.00042349318 0.0068109306 -0.367432
0.00079842954 0.0080328528 -0.367432
0.0020149571 0.0092493808 -0.367432
0.0032287841 0.010441626 -0.366211
0.0044480199 0.011660863 -0.366211
0.0056672134 0.012880056 -0.366211
0.0068864776 0.01409932 -0.366211
0.0081002964 0.015313139 -0.366211
0.0093194898 0.016532332 -0.366211
0.010571098 0.017805522 -0.367432
0.011790361 0.019024786 -0.367432
0.013044599 0.020295201 -0.36840799
0.014274611 0.021525213 -0.36840799
0.015537038 0.02280922 -0.369385
0.016810212 0.024103975 -0.370361
0.018096834 0.025406778 -0.37133801
0.019380828 0.026712352 -0.37231401
0.02066475 0.028017852 -0.37329099
0.021973005 0.029342301 -0.374268
0.023224583 0.030593881 -0.374268
0.024530143 0.031921022 -0.37524399
0.02583571 0.033248156 -0.37646499
0.027087288 0.034499731 -0.37646499
-0.016923506 -0.011949505 -0.38134801
-0.015572104 -0.010625071 -0.37939501
-0.014270575 -0.0093370341 -0.378418
-0.012979864 -0.0080598155 -0.37744099
-0.011667573 -0.0067717917 -0.37524399
-0.010387681 -0.0055053919 -0.374268
-0.0091185523 -0.0042497539 -0.37329099
-0.0078575257 -0.0030022054 -0.37231401
-0.0066018812 -0.0017600522 -0.37133801
-0.0053516389 -0.00052330137 -0.370361
-0.0041094855 0.00070806145 -0.369385
-0.0028740794 0.00192999 -0.36840799
-0.0016494609 0.0031546084 -0.36840799
-0.00042349333 0.0043670842 -0.367432
0.00079842977 0.0055890074 -0.367432
0.0020136139 0.0067906999 -0.366211
0.0032328356 0.0080099218 -0.366211
0.0044466625 0.009223748 -0.366211
0.0056510703 0.010414679 -0.36523399
0.0068648895 0.011628498 -0.36523399
0.008084083 0.012847692 -0.36523399
0.0093181748 0.014095261 -0.366211
0.010537368 0.015314454 -0.366211
0.011756633 0.016533719 -0.366211
0.013012284 0.017802862 -0.367432
0.014231479 0.019022057 -0.367432
0.015497878 0.020301947 -0.36840799
0.016717143 0.021521213 -0.36840799
0.017994368 0.022811916 -0.369385
0.019272938 0.024101276 -0.370361
0.020560903 0.025402732 -0.37133801
0.021848943 0.026704263 -0.37231401
0.023158481 0.028027279 -0.37329099
0.024468087 0.029350378 -0.374268
0.02577769 0.030673472 -0.37524399
0.02702927 0.031925052 -0.37524399
0.028338881 0.033248138 -0.37646499
-0.015655056 -0.013217955 -0.38134801
-0.014239553 -0.011828079 -0.37744099
-0.012977156 -0.010565681 -0.37744099
-0.011695263 -0.009290535 -0.37646499
-0.010419353 -0.0080200126 -0.37524399
-0.0091428338 -0.0067502395 -0.374268
-0.0078575192 -0.0054784156 -0.37231401
-0.0066032317 -0.0042295167 -0.37133801
-0.0053509669 -0.0029839976 -0.370361
-0.0041094855 -0.0017492617 -0.369385
-0.0028808238 -0.00052060018 -0.369385
-0.0016487836 0.00070469419 -0.36840799
-0.00042349333 0.0019245961 -0.367432
0.00079775078 0.0031458403 -0.367432
0.0020122563 0.0043536001 -0.366211
0.0032314851 0.0055728289 -0.366211
0.0044378941 0.0067724921 -0.36523399
0.0056517208 0.0079863183 -0.36523399
0.0068655754 0.0092001734 -0.36523399
0.0080793947 0.010413993 -0.36523399
0.0092985881 0.011633187 -0.36523399
0.010507034 0.012841632 -0.36523399
0.011726297 0.014060895 -0.36523399
0.012974504 0.015315848 -0.366211
0.014193699 0.016535042 -0.366211
0.015452723 0.017800812 -0.367432
0.016671916 0.019020006 -0.367432
0.017942438 0.020295916 -0.36840799
0.019223031 0.021583254 -0.369385
0.020503622 0.022870591 -0.370361
0.02179496 0.024168676 -0.37133801
0.023087051 0.025466155 -0.37231401
0.024399957 0.026785806 -0.37329099
0.025712935 0.028105529 -0.374268
0.026942946 0.029335542 -0.374268
0.02827749 0.030676831 -0.37524399
0.029507501 0.031906843 -0.37524399
-0.012984968 -0.013082664 -0.37744099
-0.01172257 -0.011820267 -0.37744099
-0.010444177 -0.010541621 -0.37646499
-0.0091442727 -0.0092412103 -0.374268
-0.0078766271 -0.0079733124 -0.37329099
-0.0066197515 -0.0067161834 -0.37231401
-0.0053682844 -0.0054644635 -0.37133801
-0.0041195615 -0.0042154035 -0.370361
-0.0028815791 -0.0029771682 -0.369385
-0.0016489921 -0.0017443283 -0.36840799
-0.00042315462 -0.00051823788 -0.367432
0.00079809304 0.00070300978 -0.367432
0.0020138156 0.0019189852 -0.366211
0.0032303433 0.0031355128 -0.366211
0.004438655 0.0043440778 -0.36523399
0.0056524817 0.0055579045 -0.36523399
0.0068663084 0.0067717307 -0.36523399
0.0080584697 0.0079641454 -0.36425799
0.0092722895 0.0091779651 -0.36425799
0.010480665 0.010386339 -0.36425799
0.011721621 0.011627045 -0.36523399
0.012940885 0.012846308 -0.36523399
0.014149261 0.014054683 -0.36523399
0.015411828 0.015316913 -0.366211
0.016631091 0.016536176 -0.366211
0.017893545 0.017798377 -0.367432
0.019123556 0.01902839 -0.367432
0.020396899 0.02030148 -0.36840799
0.02168099 0.021585317 -0.369385
0.022965083 0.022869157 -0.370361
0.024259921 0.024163742 -0.37133801
0.025576396 0.025479965 -0.37231401
0.026871236 0.026774552 -0.37329099
0.028187713 0.028090775 -0.374268
0.029525757 0.029428566 -0.37524399
0.030755768 0.030658577 -0.37524399
-0.014352211 -0.016980823 -0.380371
-0.013050653 -0.015671177 -0.37939501
-0.011759312 -0.01437309 -0.378418
-0.010467903 -0.013074934 -0.37744099
-0.0091927554 -0.011793042 -0.37646499
-0.0078993374 -0.010486146 -0.374268
-0.0066349385 -0.009215001 -0.37329099
-0.0053819804 -0.0079539539 -0.37231401
-0.0041337605 -0.0066989879 -0.37133801
-0.0028882413 -0.0054467232 -0.370361
-0.0016535055 -0.0042052418 -0.369385
-0.00042416507 -0.0029691553 -0.36840799
0.00079843315 -0.0017398256 -0.367432
0.0020196808 -0.00051857799 -0.367432
0.0032321569 0.00070064387 -0.366211
0.0044365437 0.001913134 -0.36523399
0.0056530712 0.0031296615 -0.36523399
0.0068668979 0.0043434883 -0.36523399
0.0080611799 0.0055445023 -0.36425799
0.0092696464 0.0067529688 -0.36425799
0.010483466 0.0079667885 -0.36425799
0.011691841 0.0091751628 -0.36425799
0.012900286 0.010383609 -0.36425799
0.014119552 0.011602874 -0.36425799
0.015363676 0.012840267 -0.36523399
0.01658294 0.014059531 -0.36523399
0.017849391 0.015317878 -0.366211
0.019068584 0.01653707 -0.366211
0.020345103 0.017806843 -0.367432
0.021621685 0.019076694 -0.36840799
0.022909023 0.020357287 -0.369385
0.02419636 0.021637879 -0.370361
0.025494445 0.022929218 -0.37133801
0.026814166 0.024242194 -0.37231401
0.028112926 0.025532862 -0.37329099
0.029432649 0.026845839 -0.374268
0.030773938 0.028180383 -0.37524399
0.03200395 0.029410394 -0.37524399
0.033255529 0.030661974 -0.37524399
-0.013087804 -0.018245229 -0.380371
-0.011788948 -0.016932881 -0.37939501
-0.010500973 -0.01563143 -0.378418
-0.0092129372 -0.014329901 -0.37744099
-0.0079411631 -0.013044635 -0.37646499
-0.0066544903 -0.011730993 -0.374268
-0.0053934641 -0.010456475 -0.37329099
-0.0041432003 -0.009192734 -0.37231401
-0.0028889133 -0.0079114642 -0.370361
-0.001652155 -0.0066612284 -0.369385
-0.00042484383 -0.0054177246 -0.36840799
0.00079978025 -0.0041931006 -0.36840799
0.0020190056 -0.0029603981 -0.367432
0.0032314851 -0.0017344268 -0.366211
0.0044493563 -0.00051655556 -0.366211
0.0056510489 0.00069862866 -0.36523399
0.0068675764 0.0019151563 -0.36523399
0.0080584791 0.0031195357 -0.36425799
0.0092723127 0.0043333699 -0.36425799
0.010480779 0.0055418364 -0.36425799
0.011694599 0.0067556556 -0.36425799
0.012902973 0.0079640308 -0.36425799
0.014111419 0.0091724759 -0.36425799
0.015330683 0.010391741 -0.36425799
0.016578183 0.011625762 -0.36523399
0.017797446 0.012845025 -0.36523399
0.019016638 0.014064219 -0.36523399
0.020285783 0.015319872 -0.366211
0.021565676 0.016586272 -0.367432
0.02284563 0.01785275 -0.36840799
0.024137691 0.019128617 -0.369385
0.025428396 0.020405844 -0.370361
0.026729852 0.021693809 -0.37133801
0.028052948 0.023003412 -0.37231401
0.029354401 0.024291389 -0.37329099
0.030677496 0.025600992 -0.374268
0.031929076 0.02685257 -0.374268
0.033252168 0.028162174 -0.37524399
0.034503751 0.029413754 -0.37524399
0.035848405 0.030744933 -0.37646499
-0.01185507 -0.019564232 -0.38134801
-0.01054951 -0.01823709 -0.380371
-0.0092655877 -0.016931588 -0.37939501
-0.0079599926 -0.015582845 -0.37744099
-0.0066895694 -0.014296228 -0.37646499
-0.0054271435 -0.013012222 -0.37524399
-0.0041540046 -0.011695935 -0.37329099
-0.0029050987 -0.010430836 -0.37231401
-0.0016588938 -0.0091414843 -0.370361
-0.00042618733 -0.0078871958 -0.369385
0.00080112368 -0.0066436925 -0.36840799
0.0020190021 -0.0054042335 -0.367432
0.0032409215 -0.004182314 -0.367432
0.0044493563 -0.0029522981 -0.366211
0.0056672278 -0.0017344268 -0.366211
0.0068648825 -0.00051520509 -0.36523399
0.0080814101 0.00070132251 -0.36523399
0.0092709549 0.0019070599 -0.36425799
0.010484789 0.0031208938 -0.36425799
0.011693255 0.0043293606 -0.36425799
0.012907075 0.0055431798 -0.36425799
0.014115449 0.0067515546 -0.36425799
0.015323895 0.0079600001 -0.36425799
0.016543159 0.0091792652 -0.36425799
0.017751604 0.010387709 -0.36425799
0.01901128 0.011631192 -0.36523399
0.020230472 0.012850385 -0.36523399
0.021503655 0.014102 -0.366211
0.022787591 0.015364355 -0.367432
0.024006857 0.01658362 -0.367432
0.025290793 0.017845975 -0.36840799
0.026582852 0.019121842 -0.369385
0.02796391 0.020459753 -0.37133801
0.029291049 0.021765312 -0.37231401
0.030593859 0.023051929 -0.37329099
0.031845506 0.024303578 -0.37329099
0.033172578 0.025609067 -0.374268
0.034499712 0.026914632 -0.37524399
0.035751291 0.028166212 -0.37524399
0.037099998 0.029493339 -0.37646499
-0.010587291 -0.02083201 -0.38134801
-0.0092844255 -0.019502174 -0.380371
-0.0080032041 -0.018193971 -0.37939501
-0.0067219054 -0.016885703 -0.378418
-0.0054379767 -0.015547821 -0.37646499
-0.0041782446 -0.014261121 -0.37524399
-0.0029105081 -0.012939432 -0.37329099
-0.0016669899 -0.011668945 -0.37231401
-0.00042618762 -0.01037419 -0.370361
0.00080382498 -0.0091172084 -0.369385
0.0020257409 -0.0078683095 -0.36840799
0.0032409248 -0.0066261562 -0.367432
0.0044628442 -0.0054042367 -0.367432
0.0056685852 -0.004171527 -0.366211
0.0068675694 -0.0029455593 -0.36523399
0.0080814036 -0.0017317258 -0.36523399
0.0092709549 -0.00051520509 -0.36425799
0.010482087 0.00069592742 -0.36425799
0.011695921 0.0019097612 -0.36425799
0.012869266 0.0031100747 -0.36328101
0.014077711 0.0043185204 -0.36328101
0.015286157 0.0055269659 -0.36328101
0.016535027 0.0067488677 -0.36425799
0.017754292 0.0079681324 -0.36425799
0.018962737 0.0091765774 -0.36425799
0.020227799 0.010414671 -0.36523399
0.021446994 0.011633865 -0.36523399
0.022722883 0.012882771 -0.366211
0.023942078 0.014101964 -0.366211
0.025228778 0.015361697 -0.367432
0.026515409 0.016621359 -0.36840799
0.027812865 0.017891832 -0.369385
0.029121133 0.01917313 -0.370361
0.030429335 0.020454351 -0.37133801
0.031759173 0.021757217 -0.37231401
0.033089004 0.023060082 -0.37329099
0.034418777 0.02436287 -0.374268
0.035748608 0.025665734 -0.37524399
0.03700019 0.026917314 -0.37524399
0.03825184 0.028168963 -0.37524399
-0.009322213 -0.022097088 -0.38134801
-0.008049068 -0.020823942 -0.38134801
-0.0067596505 -0.019502154 -0.380371
-0.005464917 -0.018142691 -0.378418
-0.0041971379 -0.016842542 -0.37744099
-0.0029293522 -0.015510012 -0.37524399
-0.0016777804 -0.014215293 -0.374268
-0.00043158242 -0.012904353 -0.37231401
0.00080382469 -0.011604202 -0.370361
0.0020311433 -0.010344527 -0.369385
0.0032503649 -0.0090929335 -0.36840799
0.004462848 -0.0078480793 -0.367432
0.0056641982 -0.0066035669 -0.366211
0.0068824114 -0.0053853532 -0.366211
0.0080787018 -0.0041566915 -0.36523399
0.0092925355 -0.002942858 -0.36523399
0.010479393 -0.0017236435 -0.36425799
0.011690525 -0.000512511 -0.36425799
0.012904359 0.00070132286 -0.36425799
0.014075003 0.0019043377 -0.36328101
0.015283449 0.0031127832 -0.36328101
0.016491894 0.0043212287 -0.36328101
0.017694965 0.0055243 -0.36328101
0.018962732 0.0067596943 -0.36425799
0.020171175 0.0079681389 -0.36425799
0.021379551 0.0091765141 -0.36425799
0.022658126 0.010422733 -0.36523399
0.023936709 0.011668945 -0.366211
0.025155904 0.012888138 -0.366211
0.026450701 0.014139774 -0.367432
0.027740033 0.015396735 -0.36840799
0.029040182 0.016664512 -0.369385
0.030351145 0.017943118 -0.370361
0.031662043 0.019221643 -0.37133801
0.03299458 0.020521808 -0.37231401
0.034327112 0.021821972 -0.37329099
0.035659578 0.023122067 -0.374268
0.036911227 0.024373714 -0.374268
0.038249083 0.025668422 -0.37524399
-0.0067812963 -0.022091713 -0.38134801
-0.0054918863 -0.020769918 -0.380371
-0.0042187413 -0.019453639 -0.37939501
-0.0029455239 -0.018094156 -0.37744099
-0.001683197 -0.016799442 -0.37646499
-0.00043161798 -0.015461455 -0.374268
0.0008091919 -0.014145127 -0.37231401
0.0020392183 -0.012871967 -0.37133801
0.0032611412 -0.011574524 -0.369385
0.0044749817 -0.010317551 -0.36840799
0.0056820838 -0.0090673147 -0.367432
0.0068834485 -0.0078228172 -0.366211
0.0081016617 -0.0066046035 -0.366211
0.0092979446 -0.0053759348 -0.36523399
0.010511779 -0.0041621011 -0.36523399
0.011693248 -0.0029374985 -0.36425799
0.01290438 -0.0017263659 -0.36425799
0.014118214 -0.00051253207 -0.36425799
0.015283406 0.00069593452 -0.36328101
0.016491851 0.0019043799 -0.36328101
0.017700298 0.0031128256 -0.36328101
0.018903369 0.0043158969 -0.36328101
0.020176586 0.0055458392 -0.36425799
0.021385031 0.0067542838 -0.36425799
0.022593405 0.007962659 -0.36425799
0.023877369 0.0092034889 -0.36523399
0.025085816 0.010411936 -0.36523399
0.026375154 0.011668888 -0.366211
0.027669938 0.012920539 -0.367432
0.02896465 0.014172117 -0.36840799
0.03027018 0.015434515 -0.369385
0.031581156 0.016713105 -0.370361
0.032897435 0.017986251 -0.37133801
0.034235355 0.019281035 -0.37231401
0.035567895 0.020581191 -0.37329099
0.036905743 0.021875903 -0.374268
0.038157389 0.023127552 -0.374268
0.039495308 0.024422195 -0.37524399
-0.0055296463 -0.02342963 -0.38232401
-0.0042349333 -0.022091642 -0.38134801
-0.0029563433 -0.020716038 -0.37939501
-0.0016993898 -0.019405061 -0.378418
-0.00043161798 -0.018051023 -0.37646499
0.00081458699 -0.016707661 -0.374268
0.002055404 -0.01542371 -0.37329099
0.0032746752 -0.014107424 -0.37133801
0.0045019295 -0.012836894 -0.370361
0.0056996201 -0.011542189 -0.36840799
0.0069067222 -0.010291954 -0.367432
0.0081286412 -0.0090700341 -0.367432
0.0093208551 -0.0078237969 -0.366211
0.010511764 -0.0065897545 -0.36523399
0.011725598 -0.0053759208 -0.36523399
0.012901623 -0.0041458732 -0.36425799
0.014112756 -0.0029347406 -0.36425799
0.015326589 -0.0017209068 -0.36425799
0.016535055 -0.00051244028 -0.36425799
0.017700298 0.00069593452 -0.36328101
0.018908743 0.0019043799 -0.36328101
0.020165695 0.0031181995 -0.36425799
0.02138496 0.0043374645 -0.36425799
0.022593405 0.0055459091 -0.36425799
0.023801781 0.0067542847 -0.36425799
0.025091188 0.0079896692 -0.36523399
0.026375154 0.009230501 -0.366211
0.027594347 0.010449694 -0.366211
0.028894575 0.0116959 -0.367432
0.030189289 0.012947479 -0.36840799
0.031494819 0.014209877 -0.369385
0.032816544 0.015477719 -0.370361
0.03413289 0.016750794 -0.37133801
0.03547081 0.018045578 -0.37231401
0.036814101 0.019334985 -0.37329099
0.038151946 0.020629698 -0.374268
0.039403595 0.021881348 -0.374268
0.040741514 0.02317599 -0.37524399
-0.0055512134 -0.026105393 -0.38427699
-0.0042565009 -0.024702776 -0.38232401
-0.0029670908 -0.023359485 -0.38134801
-0.0016939457 -0.021978434 -0.37939501
-0.00043699198 -0.020667458 -0.378418
0.00081996102 -0.019302601 -0.37646499
0.0020662367 -0.018002443 -0.37524399
0.0032962349 -0.01666454 -0.37329099
0.0045100613 -0.01534281 -0.37133801
0.0057319417 -0.014066907 -0.370361
0.0069431099 -0.012801857 -0.369385
0.0081488118 -0.011542132 -0.36840799
0.0093478346 -0.010289228 -0.367432
0.010540119 -0.0090430612 -0.366211
0.011757991 -0.0078251902 -0.366211
0.012939418 -0.00658974 -0.36523399
0.014155946 -0.0053732125 -0.36523399
0.015326645 -0.0041486309 -0.36425799
0.016540479 -0.002934797 -0.36425799
0.017748946 -0.0017263305 -0.36425799
0.018962765 -0.000512511 -0.36425799
0.020171139 0.0006958638 -0.36425799
0.021379586 0.0019043093 -0.36425799
0.022598851 0.0031235742 -0.36425799
0.023807295 0.004332019 -0.36425799
0.025085814 0.0055566565 -0.36523399
0.026305009 0.00677585 -0.36523399
0.027594417 0.0080112368 -0.366211
0.028894505 0.0092574423 -0.367432
0.03011377 0.010476707 -0.367432
0.031413857 0.011722912 -0.36840799
0.032724831 0.012979864 -0.369385
0.034046557 0.014247707 -0.370361
0.035368279 0.015515407 -0.37133801
0.03671157 0.016804818 -0.37231401
0.038054932 0.018094154 -0.37329099
0.039398152 0.019383494 -0.374268
0.040741511 0.020672832 -0.37524399
0.041993093 0.021924412 -0.37524399
-0.0042726225 -0.027383983 -0.38427699
-0.0029887296 -0.025970547 -0.38232401
-0.0017047637 -0.024621811 -0.38134801
-0.000442366 -0.023294784 -0.380371
0.00082003244 -0.021924483 -0.378418
0.0020716107 -0.020608133 -0.37744099
0.0033069963 -0.019243203 -0.37524399
0.0045369952 -0.0179053 -0.37329099
0.0057589677 -0.016618699 -0.37231401
0.0069754818 -0.015337415 -0.37133801
0.0081731221 -0.014031869 -0.369385
0.0093734507 -0.012766771 -0.36840799
0.010567028 -0.011508421 -0.367432
0.011788276 -0.010287173 -0.367432
0.012977185 -0.0090443837 -0.366211
0.014153237 -0.0078035598 -0.36523399
0.015369765 -0.0065870322 -0.36523399
0.016583592 -0.0053732055 -0.36523399
0.0177543 -0.0041486165 -0.36425799
0.018962765 -0.00294015 -0.36425799
0.020176586 -0.0017263305 -0.36425799
0.02138496 -0.00051795569 -0.36425799
0.022593405 0.00069048977 -0.36425799
0.02381267 0.0019097547 -0.36425799
0.02508037 0.0031235735 -0.36523399
0.026299633 0.0043428368 -0.36523399
0.027594417 0.0055728499 -0.366211
0.028813612 0.0067920433 -0.366211
0.030113697 0.0080382489 -0.367432
0.0314193 0.0092790788 -0.36840799
0.032735649 0.010530658 -0.369385
0.034041181 0.011793057 -0.370361
0.035368279 0.013055382 -0.37133801
0.036717013 0.014339347 -0.37231401
0.038044043 0.015601746 -0.37329099
0.039392777 0.016885709 -0.374268
0.040644355 0.018137289 -0.374268
0.041982271 0.019432072 -0.37524399
0.043233853 0.020683652 -0.37524399
-0.0017155824 -0.027243694 -0.38232401
-0.00043154656 -0.025895029 -0.38134801
0.00083077978 -0.02456793 -0.380371
0.0020716107 -0.023176061 -0.378418
0.003323189 -0.021859711 -0.37744099
0.0045693954 -0.020548737 -0.37646499
0.005794026 -0.019194704 -0.374268
0.007018629 -0.01790533 -0.37329099
0.0082162414 -0.016578175 -0.37133801
0.0094274236 -0.015302364 -0.370361
0.010620978 -0.014022402 -0.369385
0.01181733 -0.012761419 -0.36840799
0.013007539 -0.011506436 -0.367432
0.014191004 -0.010258203 -0.366211
0.015407532 -0.0090416763 -0.366211
0.016583584 -0.0078008515 -0.36523399
0.01779741 -0.0065870248 -0.36523399
0.019011237 -0.0053731985 -0.36523399
0.020225093 -0.0041593434 -0.36523399
0.021438912 -0.0029455239 -0.36523399
0.022658106 -0.0017263305 -0.36523399
0.023866551 -0.00051788503 -0.36523399
0.025085814 0.00070137851 -0.36523399
0.02629419 0.001909754 -0.36523399
0.027588975 0.0031397662 -0.366211
0.028808238 0.0043590297 -0.366211
0.03010295 0.0055889725 -0.367432
0.031408552 0.0068298029 -0.36840799
0.032638565 0.0080598155 -0.36840799
0.033954844 0.0093114646 -0.369385
0.035282012 0.010552226 -0.370361
0.036609039 0.011814623 -0.37133801
0.037957776 0.013098586 -0.37231401
0.039284874 0.014360915 -0.37329099
0.040633608 0.015644878 -0.374268
0.042003911 0.01695041 -0.37524399
0.043233924 0.018180421 -0.37524399
0.044604156 0.019486023 -0.37646499
0.0020931768 -0.025830327 -0.380371
0.0033393833 -0.024497716 -0.37939501
0.0045964071 -0.023176061 -0.378418
0.0058210446 -0.021800386 -0.37646499
0.0070564095 -0.020500248 -0.37524399
0.0082594594 -0.019146159 -0.37329099
0.0094786678 -0.017862182 -0.37231401
0.010681733 -0.016572852 -0.37133801
0.011888798 -0.015301013 -0.370361
0.013078309 -0.014025095 -0.369385
0.014271961 -0.012766813 -0.36840799
0.015447978 -0.011504387 -0.367432
0.016669901 -0.010282463 -0.367432
0.017846026 -0.0090417108 -0.366211
0.019065246 -0.0078224894 -0.366211
0.020230502 -0.0065924632 -0.36523399
0.021444358 -0.0053786086 -0.36523399
0.022658177 -0.0041647889 -0.36523399
0.023877371 -0.0029455954 -0.36523399
0.025085816 -0.0017371499 -0.36523399
0.026369778 -0.00051795645 -0.366211
0.027589044 0.00070130848 -0.366211
0.028808238 0.0019205027 -0.366211
0.03010295 0.0031505849 -0.367432
0.0314193 0.004380526 -0.36840799
0.032638565 0.0055997907 -0.36840799
0.033954844 0.0068514403 -0.369385
0.035282012 0.0080922004 -0.370361
0.036609109 0.0093545252 -0.37133801
0.037947029 0.010606177 -0.37231401
0.039295692 0.011890071 -0.37329099
0.040644355 0.013174108 -0.374268
0.041874368 0.014404119 -0.374268
0.043255489 0.015698832 -0.37524399
0.044485502 0.016928842 -0.37524399
0.045855805 0.018234374 -0.37646499
0.0033555753 -0.027092725 -0.380371
0.0046017794 -0.025760112 -0.37939501
0.0058587338 -0.024438389 -0.378418
0.0070941187 -0.023116734 -0.37744099
0.0082971705 -0.02174101 -0.37524399
0.009527239 -0.020446312 -0.374268
0.010741022 -0.019146118 -0.37329099
0.011946789 -0.017854087 -0.37231401
0.013118811 -0.016531026 -0.370361
0.01430832 -0.015255107 -0.369385
0.01553631 -0.014027118 -0.369385
0.016715771 -0.012761389 -0.36840799
0.017899914 -0.011512476 -0.367432
0.019121837 -0.010290554 -0.367432
0.02028444 -0.0090416828 -0.366211
0.021498267 -0.0078278556 -0.366211
0.022717502 -0.0066086198 -0.366211
0.023936696 -0.0053894264 -0.366211
0.02515596 -0.0041701621 -0.366211
0.026369778 -0.0029563433 -0.366211
0.027664492 -0.0017478972 -0.367432
0.028894505 -0.00051788503 -0.367432
0.030113768 0.00070137851 -0.367432
0.031408481 0.0019313201 -0.36840799
0.032638494 0.0031613323 -0.36840799
0.033954844 0.004391416 -0.369385
0.035282012 0.0056321756 -0.370361
0.036619857 0.0068837553 -0.37133801
0.037947029 0.0081461519 -0.37231401
0.039177042 0.0093761655 -0.37231401
0.040536452 0.01064931 -0.37329099
0.041896008 0.011922456 -0.374268
0.043244671 0.013206491 -0.37524399
0.044496249 0.014458071 -0.37524399
0.045855802 0.015731217 -0.37646499
0.0046179025 -0.028355053 -0.380371
0.0058803 -0.027092654 -0.380371
0.007126505 -0.025760183 -0.37939501
0.0083456989 -0.024368314 -0.37744099
0.009575774 -0.023051972 -0.37646499
0.010797719 -0.02174376 -0.37524399
0.012014197 -0.020440873 -0.374268
0.013187549 -0.019094845 -0.37231401
0.014387912 -0.017808216 -0.37133801
0.015580188 -0.016529672 -0.370361
0.016811548 -0.015298312 -0.370361
0.017994313 -0.01402914 -0.369385
0.019170407 -0.012766778 -0.36840799
0.020395024 -0.01154216 -0.36840799
0.021557629 -0.010293291 -0.367432
0.022782246 -0.0090686735 -0.367432
0.024001468 -0.0078494521 -0.367432
0.025226105 -0.0066248137 -0.367432
0.026445299 -0.0054056197 -0.367432
0.027664563 -0.0041863555 -0.367432
0.028883757 -0.0029671623 -0.367432
0.030189289 -0.0017478965 -0.36840799
0.0314193 -0.00051788433 -0.36840799
0.032724831 0.00070137921 -0.369385
0.033954844 0.0019313914 -0.369385
0.035282012 0.003172151 -0.370361
0.036609109 0.0044129835 -0.37133801
0.03784987 0.0056537432 -0.37133801
0.039187789 0.0069053927 -0.37231401
0.040525701 0.0081568994 -0.37329099
0.041777283 0.0094084796 -0.37329099
0.043136768 0.010681697 -0.374268
0.04449632 0.011954842 -0.37524399
0.0059019374 -0.029703718 -0.38134801
0.0071535166 -0.028365871 -0.380371
0.008388903 -0.027022582 -0.37939501
0.0096296631 -0.025695411 -0.378418
0.01086512 -0.024373688 -0.37744099
0.012076245 -0.023054658 -0.37646499
0.013298189 -0.021746447 -0.37524399
0.014463416 -0.020386906 -0.37329099
0.015666481 -0.019097576 -0.37231401
0.016851986 -0.017804166 -0.37133801
0.018086717 -0.016569436 -0.37133801
0.019272923 -0.015296962 -0.370361
0.020451643 -0.014031834 -0.369385
0.02167896 -0.012804516 -0.369385
0.02283621 -0.011539501 -0.36840799
0.024060827 -0.010314885 -0.36840799
0.02528543 -0.0090902811 -0.36840799
0.026515443 -0.0078602694 -0.36840799
0.027740082 -0.006635631 -0.36840799
0.028959274 -0.0054164371 -0.36840799
0.030189287 -0.0041864249 -0.36840799
0.031505566 -0.0029779088 -0.369385
0.032735579 -0.0017478965 -0.369385
0.034051999 -0.00051788642 -0.370361
0.035282012 0.00071212585 -0.370361
0.036609109 0.0019529589 -0.37133801
0.037947025 0.0031829705 -0.37231401
0.039187789 0.0044237305 -0.37231401
0.040536452 0.0056861285 -0.37329099
0.041766461 0.0069161393 -0.37329099
0.043136764 0.0081785396 -0.374268
0.044388346 0.0094301188 -0.374268
0.045747899 0.010703263 -0.37524399
0.0071643358 -0.030966116 -0.38134801
0.0084158434 -0.029628199 -0.380371
0.0096513005 -0.028284978 -0.37939501
0.01089206 -0.026957808 -0.378418
0.012116699 -0.025625266 -0.37744099
0.013327825 -0.024306238 -0.37646499
0.014549769 -0.022998026 -0.37524399
0.015750112 -0.02168978 -0.374268
0.0169464 -0.020385584 -0.37329099
0.018187542 -0.019144444 -0.37329099
0.019383522 -0.017862197 -0.37231401
0.020562284 -0.01657553 -0.37133801
0.021732949 -0.015296962 -0.370361
0.022965662 -0.014064249 -0.370361
0.024136284 -0.012807217 -0.369385
0.025366303 -0.011577197 -0.369385
0.026596338 -0.010347164 -0.369385
0.027820904 -0.0091225971 -0.369385
0.029050916 -0.0078925844 -0.369385
0.030275555 -0.0066679465 -0.369385
0.031581156 -0.0054487539 -0.370361
0.032811169 -0.0042187418 -0.370361
0.034051999 -0.0029779109 -0.370361
0.035379097 -0.0017587153 -0.37133801
0.036717016 -0.00052870373 -0.37231401
0.037957847 0.00071212725 -0.37231401
0.039187856 0.0019421395 -0.37231401
0.040536523 0.0032045387 -0.37329099
0.041777283 0.0044452981 -0.37329099
0.043007292 0.0056753089 -0.37329099
0.044377599 0.0069377068 -0.374268
0.045629177 0.0081892861 -0.374268
0.046999477 0.0094516845 -0.37524399
0.0097052529 -0.03097149 -0.38134801
0.010946012 -0.029622823 -0.380371
0.012176026 -0.028284907 -0.37939501
0.013400649 -0.02695238 -0.378418
0.014619872 -0.025625253 -0.37744099
0.015830996 -0.024306223 -0.37646499
0.017036797 -0.022992659 -0.37524399
0.01823579 -0.021685764 -0.374268
0.019480977 -0.020440577 -0.374268
0.020669516 -0.019144131 -0.37329099
0.021851644 -0.0178541 -0.37231401
0.023089752 -0.016615991 -0.37231401
0.024260417 -0.015337422 -0.37133801
0.025495823 -0.014102015 -0.37133801
0.026655698 -0.012834236 -0.370361
0.02789112 -0.011598814 -0.370361
0.029121133 -0.010368803 -0.370361
0.030351145 -0.00913879 -0.370361
0.03158116 -0.0079087773 -0.370361
0.032908257 -0.006689583 -0.37133801
0.034138266 -0.0054595708 -0.37133801
0.035465434 -0.004240308 -0.37231401
0.036706198 -0.0029995462 -0.37231401
0.038044114 -0.001769534 -0.37329099
0.039284945 -0.00052870304 -0.37329099
0.040536523 0.00072287524 -0.37329099
0.04188526 0.0019637055 -0.374268
0.043136839 0.0032152853 -0.374268
0.044366848 0.0044452962 -0.374268
0.010978469 -0.032244705 -0.38134801
0.012208411 -0.030885221 -0.380371
0.013438423 -0.029547306 -0.37939501
0.014663047 -0.028214779 -0.378418
0.015882269 -0.02688765 -0.37744099
0.017082646 -0.025557874 -0.37646499
0.01833424 -0.024306281 -0.37646499
0.019537276 -0.022995338 -0.37524399
0.020785159 -0.021747455 -0.37524399
0.021977069 -0.02044764 -0.374268
0.023221917 -0.019202793 -0.374268
0.024392553 -0.017902615 -0.37329099
0.025568612 -0.016618649 -0.37231401
0.026806721 -0.015380541 -0.37231401
0.028042128 -0.014145133 -0.37231401
0.029207399 -0.01287196 -0.37133801
0.030442785 -0.011636574 -0.37133801
0.031678241 -0.010401117 -0.37133801
0.03299452 -0.0091927405 -0.37231401
0.034235351 -0.0079519106 -0.37231401
0.035476182 -0.0067110797 -0.37231401
0.036803279 -0.0054918868 -0.37329099
0.038044114 -0.0042510545 -0.37329099
0.039284874 -0.0030102951 -0.37329099
0.040644426 -0.0017802827 -0.374268
0.041896004 -0.00052870373 -0.374268
0.043136839 0.00071212725 -0.374268
0.044388417 0.0019637069 -0.374268
0.014690002 -0.030798886 -0.37939501
0.015903879 -0.02945561 -0.378418
0.017133847 -0.028139228 -0.37744099
0.018388133 -0.026884941 -0.37744099
0.01958582 -0.025557859 -0.37646499
0.020838764 -0.024304915 -0.37646499
0.022089344 -0.023054337 -0.37646499
0.023273805 -0.02174033 -0.37524399
0.024522025 -0.02049211 -0.37524399
0.025695426 -0.019189309 -0.374268
0.026941631 -0.017943103 -0.374268
0.02812844 -0.016669888 -0.37329099
0.029369242 -0.015429085 -0.37329099
0.030610017 -0.01418831 -0.37329099
0.031850848 -0.012947479 -0.37329099
0.033091679 -0.011706648 -0.37329099
0.034332439 -0.010465888 -0.37329099
0.03557327 -0.0092250574 -0.37329099
0.03681403 -0.0079842974 -0.37329099
0.038054861 -0.0067434665 -0.37329099
0.039392848 -0.0054918863 -0.374268
0.040633608 -0.0042511262 -0.374268
0.041874439 -0.0030102951 -0.374268
0.043244671 -0.001769464 -0.37524399
0.044366848 -0.00051788503 -0.374268
0.045726262 0.00071212655 -0.37524399
0.020896774 -0.026879603 -0.37744099
0.02209034 -0.025556494 -0.37646499
0.02334092 -0.024305914 -0.37646499
0.024592176 -0.023054658 -0.37646499
0.025843769 -0.021803064 -0.37646499
0.027022565 -0.020494867 -0.37524399
0.028268764 -0.019248668 -0.37524399
0.029434014 -0.01795388 -0.374268
0.030680211 -0.016707683 -0.374268
0.031926438 -0.015461456 -0.374268
0.03317257 -0.014215322 -0.374268
0.034321692 -0.01293666 -0.37329099
0.035562452 -0.0116959 -0.37329099
0.036900438 -0.010487454 -0.374268
0.038152017 -0.0092358757 -0.374268
0.039392781 -0.0079951147 -0.374268
0.04064443 -0.006743466 -0.374268
0.04199316 -0.0055242702 -0.37524399
0.043244738 -0.0042726919 -0.37524399
0.04449632 -0.0030211124 -0.37524399
0.022148352 -0.028131183 -0.37744099
0.023401296 -0.02687824 -0.37744099
0.024655923 -0.025623614 -0.37744099
0.025910551 -0.024368986 -0.37744099
0.02709535 -0.023054644 -0.37646499
0.028346943 -0.021803051 -0.37646499
0.029520342 -0.020500248 -0.37524399
0.030766541 -0.019254049 -0.37524399
0.032018133 -0.018002458 -0.37524399
0.033178017 -0.016713036 -0.374268
0.034424152 -0.015466901 -0.374268
0.035670355 -0.014220697 -0.374268
0.03691119 -0.012979865 -0.374268
0.03815202 -0.011739034 -0.374268
0.039403599 -0.010487456 -0.374268
0.040644359 -0.0092466949 -0.374268
0.042003911 -0.0080166813 -0.37524399
0.043244742 -0.00677585 -0.37524399
0.04449632 -0.0055242716 -0.37524399
0.025907502 -0.026875194 -0.37744099
0.027162129 -0.025620567 -0.37744099
0.028417096 -0.0243656 -0.37744099
0.029598521 -0.02305463 -0.37646499
0.030850114 -0.021803036 -0.37646499
0.032018121 -0.020505629 -0.37524399
0.033269715 -0.019254036 -0.37524399
0.034515932 -0.018007819 -0.37524399
0.035767511 -0.016756238 -0.37524399
0.036900368 -0.015450708 -0.374268
0.038141198 -0.014209876 -0.374268
0.039382029 -0.012969045 -0.374268
