-0.26760644 0.028625499 -0.2717011
-0.26565591 0.0285492 -0.27226993
-0.26439083 0.0285492 -0.27353501
-0.26312575 0.0285492 -0.27480009
-0.2611894 0.0284729 -0.27535614
-0.259927 0.0284729 -0.27661854
-0.25867006 0.0284729 -0.27787551
-0.27014267 0.026825 -0.26916486
-0.26887488 0.026825 -0.27043262
-0.26692098 0.026763899 -0.27100486
-0.26565591 0.026763899 -0.27226993
-0.26371419 0.0266876 -0.27283138
-0.2624518 0.0266876 -0.27409378
-0.2611894 0.0266876 -0.27535614
-0.25926319 0.0266113 -0.27590069
-0.25800079 0.0266113 -0.27716309
-0.25674376 0.0266113 -0.27842012
-0.25548679 0.0266113 -0.27967706
-0.25423521 0.0266113 -0.28092864
-0.25297281 0.0266113 -0.28219104
-0.27267754 0.025039701 -0.26662996
-0.27141112 0.025039701 -0.26789641
-0.26945046 0.024963399 -0.26847535
-0.26818606 0.024963399 -0.26973978
-0.26692098 0.024963399 -0.27100486
-0.26497656 0.024902301 -0.27156901
-0.26371419 0.024902301 -0.27283138
-0.26177713 0.024841299 -0.27338675
-0.26052013 0.024841299 -0.27464372
-0.25926319 0.024841299 -0.27590069
-0.25733685 0.024765 -0.2764453
-0.25607991 0.024765 -0.27770224
-0.25482833 0.024765 -0.27895382
-0.25357676 0.024765 -0.2802054
-0.25231436 0.024765 -0.2814678
-0.25106278 0.024765 -0.28271937
-0.25045884 0.024841299 -0.28470501
-0.24983335 0.024902301 -0.28671223
-0.2752158 0.0232391 -0.26409173
-0.27394801 0.0232391 -0.26535949
-0.27267754 0.0232391 -0.26662996
-0.27071488 0.023178101 -0.26721096
-0.26945046 0.023178101 -0.26847535
-0.26749796 0.023117101 -0.26904762
-0.26623625 0.023117101 -0.27030933
-0.26429379 0.023056 -0.27087006
-0.26303411 0.023056 -0.27212974
-0.26177713 0.023056 -0.27338675
-0.25984547 0.022995001 -0.27393669
-0.25859389 0.022995001 -0.27518827
-0.25733685 0.022995001 -0.2764453
-0.25542217 0.022933999 -0.27697971
-0.2541706 0.022933999 -0.27823132
-0.25291893 0.022933999 -0.27948296
-0.25231436 0.022995001 -0.2814678
-0.25106278 0.022995001 -0.28271937
-0.24981113 0.022995001 -0.28397104
-0.24919645 0.023056 -0.28596741
-0.24793406 0.023056 -0.28722981
-0.24731937 0.023117101 -0.2892262
-0.24606779 0.023117101 -0.29047778
-0.27648357 0.0214539 -0.26282394
-0.2752158 0.0214539 -0.26409173
-0.2732437 0.0213928 -0.26468214
-0.27197862 0.0213928 -0.26594722
-0.27071488 0.0213928 -0.26721096
-0.26875898 0.0213318 -0.26778659
-0.26749796 0.0213318 -0.26904762
-0.26555079 0.021286 -0.26961309
-0.26361105 0.021225 -0.27017111
-0.26235676 0.021225 -0.27142543
-0.26042852 0.021163899 -0.27197337
-0.25917691 0.021163899 -0.27322498
-0.25792533 0.021163899 -0.27447656
-0.25583193 0.0211029 -0.27484322
-0.25458574 0.0211029 -0.2760894
-0.25333953 0.0211029 -0.27733561
-0.25291893 0.021163899 -0.27948296
-0.25166735 0.021163899 -0.28073454
-0.25041577 0.021163899 -0.28198612
-0.24981113 0.021225 -0.28397104
-0.24855955 0.021225 -0.28522262
-0.24793406 0.021286 -0.28722981
-0.24668248 0.021286 -0.28848138
-0.24606779 0.0213318 -0.29047778
-0.24479465 0.0213318 -0.29175091
-0.24416843 0.0213928 -0.29375741
-0.27648357 0.0196533 -0.26282394
-0.27450877 0.019607499 -0.26341707
-0.2732437 0.019607499 -0.26468214
-0.27128038 0.019546499 -0.2652652
-0.27002069 0.019546499 -0.26652488
-0.26806712 0.019500701 -0.26709673
-0.26612031 0.019455001 -0.26766187
-0.26486534 0.019455001 -0.26891685
-0.26292899 0.0193939 -0.2694729
-0.26167741 0.0193939 -0.27072448
-0.25958133 0.0193481 -0.27109382
-0.25832972 0.0193481 -0.27234539
-0.25641495 0.0192871 -0.27287993
-0.25516883 0.0192871 -0.27412605
-0.25392261 0.0192871 -0.27537227
-0.25268179 0.0192871 -0.27661312
-0.25208795 0.0193481 -0.27858719
-0.2508471 0.0193481 -0.27982801
-0.24959554 0.0193481 -0.28107959
-0.24916419 0.0193939 -0.2832377
-0.24791262 0.0193939 -0.28448927
-0.24729715 0.019455001 -0.28648502
-0.24604557 0.019455001 -0.28773659
-0.24542007 0.019500701 -0.28974378
-0.24416851 0.019500701 -0.29099536
-0.24354307 0.019546499 -0.29300249
-0.27901912 0.017867999 -0.26028842
-0.27775133 0.017867999 -0.26155618
-0.27577114 0.017806999 -0.26215467
-0.27450877 0.017806999 -0.26341707
-0.27254277 0.017761201 -0.2640028
-0.27058142 0.017715501 -0.26458243
-0.26932445 0.017715501 -0.26583943
-0.26737493 0.0176697 -0.26640725
-0.26543218 0.0176239 -0.26696971
-0.2641806 0.0176239 -0.26822129
-0.26207373 0.017578101 -0.26860142
-0.26014817 0.0175323 -0.26914671
-0.25890738 0.0175323 -0.2703875
-0.25766116 0.0175323 -0.27163371
-0.25574574 0.0174866 -0.27216744
-0.25450492 0.0174866 -0.27340826
-0.25326407 0.0174866 -0.27464911
-0.25202331 0.0174866 -0.27588987
-0.25078249 0.0174866 -0.27713069
-0.25018936 0.0175323 -0.27910551
-0.2489486 0.0175323 -0.28034627
-0.24834396 0.017578101 -0.2823312
-0.24710312 0.017578101 -0.28357202
-0.24666096 0.0176239 -0.28574091
-0.24540938 0.0176239 -0.28699249
-0.244794 0.0176697 -0.28898817
-0.24416851 0.017715501 -0.29099536
-0.24291691 0.017715501 -0.29224694
-0.24164377 0.017715501 -0.29352009
-0.28028688 0.016067499 -0.25902066
-0.27901912 0.016067499 -0.26028842
-0.27703893 0.016021701 -0.26088691
-0.27577114 0.016021701 -0.26215467
-0.27380246 0.015976001 -0.26274312
-0.27184114 0.015945399 -0.26332274
-0.2698825 0.015899699 -0.26389965
-0.26793402 0.0158539 -0.26446787
-0.26668346 0.0158539 -0.26571846
-0.26457083 0.0158081 -0.26610431
-0.26263788 0.015777601 -0.26665699
-0.26139438 0.015777601 -0.2679005
-0.25947082 0.0157318 -0.26844236
-0.25822732 0.0157318 -0.26968586
-0.25631726 0.015686 -0.27021426
-0.25507647 0.015686 -0.27145505
-0.25384101 0.015686 -0.2726905
-0.25260025 0.015686 -0.27393126
-0.25136486 0.015686 -0.27516666
-0.25012404 0.015686 -0.27640748
-0.2488832 0.015686 -0.2776483
-0.2483009 0.0157318 -0.27961227
-0.24706006 0.0157318 -0.28085312
-0.24645621 0.015777601 -0.28283867
-0.24585155 0.0158081 -0.2848236
-0.24459997 0.0158081 -0.28607517
-0.24415781 0.0158539 -0.28824407
-0.24354242 0.015899699 -0.29023975
-0.24229084 0.015899699 -0.29149133
-0.24164377 0.015945399 -0.29352009
-0.28028688 0.0142746 -0.25902066
-0.27830133 0.0142365 -0.25962451
-0.27703893 0.0142365 -0.26088691
-0.27506483 0.0141983 -0.26148075
-0.27309811 0.0141678 -0.26206574
-0.27113947 0.0141296 -0.26264268
-0.26918697 0.0140915 -0.26321492
-0.2670666 0.0140533 -0.26360855
-0.26512724 0.0140152 -0.26416764
-0.26388273 0.0140152 -0.26541215
-0.26195243 0.0139771 -0.26596075
-0.26002887 0.0139389 -0.26650265
-0.25879079 0.0139389 -0.26774076
-0.25687873 0.0139008 -0.26827252
-0.25564331 0.0139008 -0.26950794
-0.25440791 0.0139008 -0.27074334
-0.25317252 0.0139008 -0.27197874
-0.25193706 0.0139008 -0.27321419
-0.25070706 0.0139008 -0.27444419
-0.24946629 0.0139008 -0.27568495
-0.24823628 0.0139008 -0.27691498
-0.2476532 0.0139389 -0.27887833
-0.24641244 0.0139389 -0.28011909
-0.2458193 0.0139771 -0.28209388
-0.24521537 0.0140152 -0.28407952
-0.24396379 0.0140152 -0.2853311
-0.24334839 0.0140533 -0.28732675
-0.24291699 0.0140915 -0.28948492
-0.24166541 0.0140915 -0.2907365
-0.24103919 0.0141296 -0.29274297
-0.28355038 0.0125122 -0.25713742
-0.28155464 0.0124817 -0.25775287
-0.27956909 0.0124512 -0.25835675
-0.27830133 0.0124512 -0.25962451
-0.27632722 0.0124207 -0.26021835
-0.2743578 0.0123825 -0.26080605
-0.27239376 0.012352 -0.26138839
-0.27043855 0.0123215 -0.26196334
-0.26831549 0.0122833 -0.26235965
-0.26637244 0.0122528 -0.26292247
-0.26443505 0.0122223 -0.26347813
-0.26319391 0.0122223 -0.26471928
-0.26126698 0.0121841 -0.26526454
-0.25934684 0.0121536 -0.26580441
-0.25811413 0.0121536 -0.26703712
-0.25620407 0.0121231 -0.26756549
-0.25497404 0.0121231 -0.26879552
-0.25373861 0.0121231 -0.27003092
-0.25250861 0.0121231 -0.27126095
-0.25061548 0.0120926 -0.27177382
-0.25004858 0.0121231 -0.27372098
-0.24881858 0.0121231 -0.27495098
-0.24758856 0.0121231 -0.27618098
-0.24700627 0.0121536 -0.27814499
-0.24576543 0.0121536 -0.27938581
-0.24517161 0.0121841 -0.28135991
-0.24393077 0.0121841 -0.28260076
-0.24332689 0.0122223 -0.28458628
-0.24272296 0.0122528 -0.28657192
-0.24211837 0.0122833 -0.28855675
-0.24166541 0.0123215 -0.2907365
-0.24041383 0.0123215 -0.29198807
-0.23916225 0.0123215 -0.29323965
-0.23851447 0.012352 -0.2952677
-0.28355038 0.0107193 -0.25713742
-0.28155464 0.0106888 -0.25775287
-0.27956909 0.0106583 -0.25835675
-0.27758962 0.0106354 -0.25895596
-0.2756148 0.0106049 -0.25954905
-0.27364537 0.0105743 -0.26013681
-0.27169016 0.0105515 -0.26071173
-0.26956171 0.0105209 -0.26111344
-0.26761729 0.0104904 -0.26167759
-0.26567617 0.0104675 -0.26223701
-0.26374319 0.010437 -0.26278833
-0.26181698 0.0104065 -0.26333427
-0.26058224 0.0104065 -0.26456901
-0.25866678 0.010376 -0.26510277
-0.25743407 0.010376 -0.26633549
-0.25553012 0.0103531 -0.26685917
-0.25430009 0.0103531 -0.26808921
-0.25307006 0.0103531 -0.26931924
-0.25184548 0.0103531 -0.27054378
-0.24995156 0.0103226 -0.27105603
-0.24939084 0.0103531 -0.27299845
-0.24816082 0.0103531 -0.27422845
-0.24693081 0.0103531 -0.27545846
-0.24634773 0.010376 -0.27742183
-0.24511772 0.010376 -0.27865183
-0.24453542 0.0104065 -0.28061584
-0.2432946 0.0104065 -0.28185666
-0.24270076 0.010437 -0.28383076
-0.24208605 0.0104675 -0.28582713
-0.24147138 0.0104904 -0.2878235
-0.2408668 0.0105209 -0.28980833
-0.24041383 0.0105515 -0.29198807
-0.23916225 0.0105515 -0.29323965
-0.23791067 0.0105515 -0.29449123
-0.23726289 0.0105743 -0.29651928
-0.28482354 0.0089187603 -0.25586426
-0.28281707 0.0088958703 -0.25649047
-0.28083149 0.0088729896 -0.25709432
-0.27885196 0.0088501005 -0.25769362
-0.27687177 0.0088272104 -0.25829211
-0.2749024 0.0088043204 -0.25887978
-0.27293906 0.0087814303 -0.25946286
-0.2708106 0.0087585403 -0.25986454
-0.26886079 0.0087280301 -0.26043409
-0.26691833 0.0087051401 -0.26099485
-0.2649813 0.00868225 -0.26155022
-0.26305172 0.00865936 -0.26209953
-0.26112816 0.00863647 -0.2626414
-0.25989679 0.00863647 -0.26387274
-0.25798473 0.0086135902 -0.26440454
-0.25675741 0.0086135902 -0.26563185
-0.25485542 0.0085907001 -0.26615214
-0.25363082 0.0085907001 -0.26737675
-0.25240621 0.0085907001 -0.26860136
-0.25117621 0.0085907001 -0.26983139
-0.24995156 0.0085907001 -0.27105603
-0.24873237 0.0085907001 -0.27227521
-0.24750236 0.0085907001 -0.27350521
-0.2462831 0.0085907001 -0.27472448
-0.24570079 0.0086135902 -0.27668849
-0.24448153 0.0086135902 -0.27790773
-0.24388771 0.00863647 -0.27988183
-0.2432946 0.00865936 -0.28185666
-0.24206458 0.00865936 -0.28308666
-0.24146 0.00868225 -0.28507152
-0.24084529 0.0087051401 -0.28706789
-0.24024136 0.0087280301 -0.2890535
-0.23961514 0.0087585403 -0.29106
-0.23836356 0.0087585403 -0.29231158
-0.23791067 0.0087814303 -0.29449123
-0.23665902 0.0087814303 -0.29574287
-0.28482354 0.0071220398 -0.25586426
-0.28281707 0.00710297 -0.25649047
-0.28010899 0.0070648198 -0.25643659
-0.27813417 0.00704575 -0.25702971
-0.27615935 0.0070304899 -0.25762281
-0.2741906 0.0070114098 -0.25821128
-0.2720595 0.0069923401 -0.25861564
-0.27010697 0.0069732699 -0.25918791
-0.26815915 0.0069541899 -0.25975403
-0.26621941 0.0069351201 -0.26031211
-0.26428577 0.0069160499 -0.26086548
-0.26235953 0.0068969699 -0.26141003
-0.26044005 0.0068779001 -0.26194924
-0.25921205 0.0068779001 -0.26317722
-0.25730199 0.0068588299 -0.26370561
-0.25607735 0.0068588299 -0.26493022
-0.2541815 0.0068435702 -0.26544583
-0.25295687 0.0068435702 -0.26667044
-0.25173765 0.0068435702 -0.26788968
-0.25051302 0.0068435702 -0.26911432
-0.24929382 0.0068435702 -0.2703335
-0.24807456 0.0068435702 -0.27155277
-0.24685536 0.0068435702 -0.27277195
-0.24562535 0.0068435702 -0.27400196
-0.24505308 0.0068588299 -0.27595448
-0.24383388 0.0068588299 -0.2771737
-0.24325152 0.0068779001 -0.27913776
-0.24265769 0.0068969699 -0.28111187
-0.24206458 0.0069160499 -0.28308666
-0.24082382 0.0069160499 -0.28432742
-0.24021918 0.0069351201 -0.28631234
-0.23961529 0.0069541899 -0.28829789
-0.23898979 0.0069732699 -0.29030511
-0.23836356 0.0069923401 -0.29231158
-0.23791067 0.0070114098 -0.29449123
-0.23665902 0.0070114098 -0.29574287
-0.28482354 0.0053253202 -0.25586426
-0.28209382 0.0052947998 -0.25583202
-0.28010899 0.0052833599 -0.25643659
-0.27741092 0.00525284 -0.25637123
-0.27544227 0.0052413899 -0.25695962
-0.27330568 0.0052261399 -0.25736946
-0.27134779 0.0052108802 -0.25794709
-0.26939994 0.00519943 -0.25851324
-0.26745752 0.0051841699 -0.259074
-0.2655212 0.0051689101 -0.25963005
-0.26359087 0.0051574698 -0.26017866
-0.26166803 0.0051422101 -0.26072124
-0.2597512 0.0051269499 -0.26125637
-0.25852659 0.0051269499 -0.26248097
-0.25661993 0.00511551 -0.26300737
-0.25539801 0.00511551 -0.2642293
-0.2541815 0.00511551 -0.26544583
-0.25211507 0.0051002498 -0.26578549
-0.25089583 0.0051002498 -0.26700473
-0.24967664 0.0051002498 -0.26822391
-0.24845739 0.0051002498 -0.26944318
-0.24724357 0.0051002498 -0.270657
-0.24602437 0.0051002498 -0.27187619
-0.24562535 0.00511551 -0.27400196
-0.24440609 0.00511551 -0.27522123
-0.24383388 0.0051269499 -0.2771737
-0.24260387 0.0051269499 -0.2784037
-0.24202152 0.0051422101 -0.28036776
-0.24142767 0.0051574698 -0.28234187
-0.24082382 0.0051689101 -0.28432742
-0.24021918 0.0051841699 -0.28631234
-0.23961529 0.00519943 -0.28829789
-0.23898979 0.0052108802 -0.29030511
-0.23773821 0.0052108802 -0.29155669
-0.23711199 0.0052261399 -0.29356316
-0.23665902 0.0052413899 -0.29574287
-0.23540744 0.0052413899 -0.29699445
-0.28409028 0.0035171499 -0.25521725
-0.28137138 0.00349808 -0.25517419
-0.27938575 0.00348854 -0.25577813
-0.27741092 0.0034789999 -0.25637123
-0.27455726 0.0034618401 -0.25611788
-0.27259398 0.0034523001 -0.2567009
-0.27064073 0.0034427601 -0.25727245
-0.26869562 0.0034332301 -0.25783589
-0.26675659 0.0034236901 -0.25839466
-0.26482224 0.0034141501 -0.25894731
-0.26289535 0.00340652 -0.25949392
-0.26097584 0.00339699 -0.26003173
-0.2597512 0.00339699 -0.26125637
-0.25784186 0.00338745 -0.26178545
-0.25661993 0.00338745 -0.26300737
-0.25454813 0.00337791 -0.26335242
-0.25332889 0.00337791 -0.26457167
-0.25211507 0.00337791 -0.26578549
-0.25022656 0.00336838 -0.2662923
-0.24901274 0.00336838 -0.26750612
-0.24779354 0.00336838 -0.26872531
-0.24724357 0.00337791 -0.270657
-0.24602437 0.00337791 -0.27187619
-0.24480511 0.00337791 -0.27309546
-0.24440609 0.00338745 -0.27522123
-0.24318689 0.00338745 -0.27644041
-0.24260387 0.00339699 -0.2784037
-0.24138461 0.00339699 -0.27962297
-0.2407915 0.00340652 -0.28159779
-0.24019767 0.0034141501 -0.28357187
-0.2395938 0.0034236901 -0.28555745
-0.23898916 0.0034332301 -0.28754237
-0.23836371 0.0034427601 -0.28954947
-0.23773821 0.0034523001 -0.29155669
-0.23711199 0.0034618401 -0.29356316
-0.23586041 0.0034618401 -0.29481474
-0.23540744 0.0034713701 -0.29699445
-0.28409028 0.00172329 -0.25521725
-0.2799249 0.00170517 -0.25385725
-0.2786625 0.00170517 -0.25511965
-0.27669385 0.0017004 -0.25570804
-0.27455726 0.00169659 -0.25611788
-0.27259398 0.00169182 -0.2567009
-0.26993373 0.00168228 -0.25659779
-0.26799199 0.0016784701 -0.25715926
-0.26605225 0.0016737001 -0.25771728
-0.26412401 0.0016689301 -0.25826526
-0.26289535 0.0016689301 -0.25949392
-0.26097584 0.0016641601 -0.26003173
-0.25906309 0.00166035 -0.26056421
-0.25784186 0.00166035 -0.26178545
-0.25576735 0.00165558 -0.26213321
-0.25454813 0.00165558 -0.26335242
-0.25265422 0.00165081 -0.26386464
-0.25144041 0.00165081 -0.26507846
-0.25022656 0.00165081 -0.2662923
-0.24901274 0.00165081 -0.26750612
-0.24779354 0.00165081 -0.26872531
-0.2465851 0.00165081 -0.26993376
-0.24536583 0.00165081 -0.27115303
-0.24480511 0.00165558 -0.27309546
-0.24358591 0.00165558 -0.27431464
-0.24318689 0.00166035 -0.27644041
-0.24196769 0.00166035 -0.27765962
-0.24138461 0.0016641601 -0.27962297
-0.2407915 0.0016689301 -0.28159779
-0.24019767 0.0016737001 -0.28357187
-0.2395938 0.0016784701 -0.28555745
-0.23898916 0.00168228 -0.28754237
-0.23836371 0.00168705 -0.28954947
-0.23773821 0.00169182 -0.29155669
-0.23650819 0.00169182 -0.29278669
-0.23586041 0.00169659 -0.29481474
-0.23463039 0.00169659 -0.29604474
-0.2799249 -6.9081798e-05 -0.25385725
-0.2786625 -6.9081798e-05 -0.25511965
-0.27669385 -6.8902998e-05 -0.25570804
-0.27384019 -6.8545298e-05 -0.25545469
-0.27188155 -6.8366498e-05 -0.25603163
-0.26993373 -6.8187699e-05 -0.25659779
-0.26799199 -6.80089e-05 -0.25715926
-0.26605225 -6.7770503e-05 -0.25771728
-0.26412401 -6.7591704e-05 -0.25826526
-0.26220044 -6.7412897e-05 -0.25880712
-0.26028436 -6.7234003e-05 -0.25934297
-0.25906309 -6.7234003e-05 -0.26056421
-0.25698388 -6.7055204e-05 -0.26091668
-0.25576735 -6.7055204e-05 -0.26213321
-0.25386807 -6.6876397e-05 -0.26265079
-0.25265422 -6.6876397e-05 -0.26386464
-0.25144041 -6.6876397e-05 -0.26507846
-0.24955799 -6.6697598e-05 -0.26558059
-0.24834417 -6.6697598e-05 -0.26679441
-0.24713579 -6.6697598e-05 -0.26800281
-0.2465851 -6.6876397e-05 -0.26993376
-0.24536583 -6.6876397e-05 -0.27115303
-0.24415746 -6.6876397e-05 -0.2723614
-0.24358591 -6.7114801e-05 -0.27431464
-0.24236664 -6.7114801e-05 -0.27553391
-0.24196769 -6.72936e-05 -0.27765962
-0.24073769 -6.72936e-05 -0.27888963
-0.24015459 -6.7472502e-05 -0.28085297
-0.23956148 -6.7651301e-05 -0.28282779
-0.23896766 -6.78301e-05 -0.2848019
-0.23836379 -6.80089e-05 -0.28678745
-0.23773758 -6.8187699e-05 -0.28879395
-0.2371337 -6.8366498e-05 -0.29077947
-0.23650819 -6.8545298e-05 -0.29278669
-0.23586041 -6.8724199e-05 -0.29481474
-0.23463039 -6.8724199e-05 -0.29604474
-0.28462943 -0.00185871 -0.25329641
-0.28263369 -0.00185299 -0.25391188
-0.28064814 -0.00184822 -0.25451574
-0.2786625 -0.00184345 -0.25511965
-0.27669385 -0.00183868 -0.25570804
-0.27384019 -0.00182915 -0.25545469
-0.27188155 -0.00182438 -0.25603163
-0.26993373 -0.0018186599 -0.25659779
-0.26799199 -0.0018138899 -0.25715926
-0.26605225 -0.0018091199 -0.25771728
-0.26412401 -0.0018043499 -0.25826526
-0.26220044 -0.0017995799 -0.25880712
-0.26028436 -0.00179482 -0.25934297
-0.25906309 -0.00179482 -0.26056421
-0.25698388 -0.00179005 -0.26091668
-0.2550846 -0.00178432 -0.26143426
-0.25386807 -0.00178432 -0.26265079
-0.25265422 -0.00178432 -0.26386464
-0.25076646 -0.00177956 -0.26437214
-0.24955799 -0.00177956 -0.26558059
-0.24834417 -0.00177956 -0.26679441
-0.24713579 -0.00177956 -0.26800281
-0.24592735 -0.00177956 -0.26921123
-0.24470808 -0.00177956 -0.27043051
-0.24415746 -0.00178432 -0.2723614
-0.24293819 -0.00178432 -0.27358067
-0.24236664 -0.00179005 -0.27553391
-0.24114746 -0.00179005 -0.2767531
-0.24073769 -0.00179482 -0.27888963
-0.24015459 -0.0017995799 -0.28085297
-0.23956148 -0.0018043499 -0.28282779
-0.23896766 -0.0018091199 -0.2848019
-0.23836379 -0.0018138899 -0.28678745
-0.23773758 -0.0018186599 -0.28879395
-0.2371337 -0.00182438 -0.29077947
-0.23650819 -0.00182915 -0.29278669
-0.23586041 -0.00183392 -0.29481474
-0.23463039 -0.00183392 -0.29604474
-0.23337881 -0.00183392 -0.29729632
-0.28462943 -0.0036468499 -0.25329641
-0.28263369 -0.0036373099 -0.25391188
-0.28064814 -0.0036277799 -0.25451574
-0.2786625 -0.0036182399 -0.25511965
-0.27669385 -0.0036086999 -0.25570804
-0.27384019 -0.0035896299 -0.25545469
-0.27188155 -0.0035800899 -0.25603163
-0.26993373 -0.0035705599 -0.25659779
-0.26728496 -0.0035514799 -0.2564846
-0.26535133 -0.0035419499 -0.25703794
-0.26342508 -0.0035305 -0.25758252
-0.26220044 -0.0035305 -0.25880712
-0.26028436 -0.00352097 -0.25934297
-0.25820175 -0.00351143 -0.25969881
-0.25698388 -0.00351143 -0.26091668
-0.2550846 -0.00350189 -0.26143426
-0.25386807 -0.00350189 -0.26265079
-0.25198027 -0.00349236 -0.26315829
-0.25076646 -0.00349236 -0.26437214
-0.24955799 -0.00349236 -0.26558059
-0.24834417 -0.00349236 -0.26679441
-0.24713579 -0.00349236 -0.26800281
-0.24592735 -0.00349236 -0.26921123
-0.24470808 -0.00349236 -0.27043051
-0.24415746 -0.00350189 -0.2723614
-0.24293819 -0.00350189 -0.27358067
-0.24171901 -0.00350189 -0.27479985
-0.24114746 -0.00351143 -0.2767531
-0.24073769 -0.00352097 -0.27888963
-0.24015459 -0.0035305 -0.28085297
-0.23956148 -0.0035419499 -0.28282779
-0.23896766 -0.0035514799 -0.2848019
-0.23836379 -0.0035610199 -0.28678745
-0.23773758 -0.0035705599 -0.28879395
-0.2371337 -0.0035800899 -0.29077947
-0.23650819 -0.0035896299 -0.29278669
-0.23525661 -0.0035896299 -0.29403827
-0.23463039 -0.0035991699 -0.29604474
-0.23337881 -0.0035991699 -0.29729632
-0.23290429 -0.0036086999 -0.2994976
-0.28536341 -0.0054512001 -0.2539441
-0.28335622 -0.0054359399 -0.25456962
-0.28137138 -0.0054206802 -0.25517419
-0.2786625 -0.00539017 -0.25511965
-0.27669385 -0.0053787199 -0.25570804
-0.27455726 -0.0053634602 -0.25611788
-0.27188155 -0.00533295 -0.25603163
-0.26993373 -0.0053214999 -0.25659779
-0.26728496 -0.0052909902 -0.2564846
-0.26535133 -0.00527573 -0.25703794
-0.26342508 -0.0052642799 -0.25758252
-0.26150629 -0.0052490202 -0.25812104
-0.26028436 -0.0052490202 -0.25934297
-0.25820175 -0.00523376 -0.25969881
-0.25698388 -0.00523376 -0.26091668
-0.2550846 -0.0052185101 -0.26143426
-0.25386807 -0.0052185101 -0.26265079
-0.25198027 -0.0052070599 -0.26315829
-0.25076646 -0.0052070599 -0.26437214
-0.24955799 -0.0052070599 -0.26558059
-0.24834417 -0.0052070599 -0.26679441
-0.24713579 -0.0052070599 -0.26800281
-0.24592735 -0.0052070599 -0.26921123
-0.24470808 -0.0052070599 -0.27043051
-0.24349964 -0.0052070599 -0.27163896
-0.24293819 -0.0052185101 -0.27358067
-0.24171901 -0.0052185101 -0.27479985
-0.24114746 -0.00523376 -0.2767531
-0.24073769 -0.0052490202 -0.27888963
-0.23951842 -0.0052490202 -0.2801089
-0.23893541 -0.0052642799 -0.28207219
-0.23834229 -0.00527573 -0.28404698
-0.23836379 -0.0053062402 -0.28678745
-0.23773758 -0.0053214999 -0.28879395
-0.2371337 -0.00533295 -0.29077947
-0.23588204 -0.00533295 -0.29203114
-0.23525661 -0.0053482102 -0.29403827
-0.23463039 -0.0053634602 -0.29604474
-0.23337881 -0.0053634602 -0.29729632
-0.23290429 -0.0053787199 -0.2994976
-0.28536341 -0.0072441101 -0.2539441
-0.28335622 -0.0072250399 -0.25456962
-0.28137138 -0.0072059599 -0.25517419
-0.27938575 -0.0071868901 -0.25577813
-0.27669385 -0.0071487399 -0.25570804
-0.27455726 -0.0071296701 -0.25611788
-0.27188155 -0.0070915199 -0.25603163
-0.26993373 -0.0070724501 -0.25659779
-0.26728496 -0.0070342999 -0.2564846
-0.26535133 -0.0070152301 -0.25703794
-0.26342508 -0.0069961501 -0.25758252
-0.26150629 -0.0069770799 -0.25812104
-0.26028436 -0.0069770799 -0.25934297
-0.25820175 -0.0069580101 -0.25969881
-0.25629842 -0.0069389301 -0.26022044
-0.2550846 -0.0069389301 -0.26143426
-0.25319141 -0.0069198599 -0.26194715
-0.25198027 -0.0069198599 -0.26315829
-0.25076646 -0.0069198599 -0.26437214
-0.24888879 -0.0069007901 -0.26486814
-0.24768035 -0.0069007901 -0.26607659
-0.24647191 -0.0069007901 -0.26728502
-0.24592735 -0.0069198599 -0.26921123
-0.24470808 -0.0069198599 -0.27043051
-0.24349964 -0.0069198599 -0.27163896
-0.24293819 -0.0069389301 -0.27358067
-0.24171901 -0.0069389301 -0.27479985
-0.24114746 -0.0069580101 -0.2767531
-0.23992826 -0.0069580101 -0.27797231
-0.23951842 -0.0069770799 -0.2801089
-0.23893541 -0.0069961501 -0.28207219
-0.23834229 -0.0070152301 -0.28404698
-0.23773764 -0.0070342999 -0.2860319
-0.23713379 -0.0070533799 -0.28801748
-0.23650756 -0.0070724501 -0.29002395
-0.23588204 -0.0070915199 -0.29203114
-0.23525661 -0.0071105999 -0.29403827
-0.23463039 -0.0071296701 -0.29604474
-0.23337881 -0.0071296701 -0.29729632
-0.23212717 -0.0071296701 -0.29854798
-0.28536341 -0.0090332003 -0.2539441
-0.28409028 -0.0090332003 -0.25521725
-0.28209382 -0.0090103103 -0.25583202
-0.27938575 -0.0089645404 -0.25577813
-0.27741092 -0.0089416504 -0.25637123
-0.27455726 -0.0088958703 -0.25611788
-0.27259398 -0.0088653602 -0.2567009
-0.26993373 -0.0088195801 -0.25659779
-0.26728496 -0.0087738 -0.2564846
-0.26535133 -0.0087509202 -0.25703794
-0.26342508 -0.0087280301 -0.25758252
-0.26150629 -0.0087051401 -0.25812104
-0.25941998 -0.0086746197 -0.25848061
-0.25820175 -0.0086746197 -0.25969881
-0.25629842 -0.0086517297 -0.26022044
-0.2550846 -0.0086517297 -0.26143426
-0.25319141 -0.0086288499 -0.26194715
-0.25198027 -0.0086288499 -0.26315829
-0.25076646 -0.0086288499 -0.26437214
-0.24888879 -0.0086059598 -0.26486814
-0.24768035 -0.0086059598 -0.26607659
-0.24647191 -0.0086059598 -0.26728502
-0.24526884 -0.0086059598 -0.26848811
-0.24470808 -0.0086288499 -0.27043051
-0.24349964 -0.0086288499 -0.27163896
-0.24229126 -0.0086288499 -0.27284732
-0.24171901 -0.0086517297 -0.27479985
-0.24114746 -0.0086746197 -0.2767531
-0.23992826 -0.0086746197 -0.27797231
-0.23951842 -0.0087051401 -0.2801089
-0.23893541 -0.0087280301 -0.28207219
-0.23834229 -0.0087509202 -0.28404698
-0.23773764 -0.0087738 -0.2860319
-0.23713379 -0.00879669 -0.28801748
-0.23650756 -0.0088195801 -0.29002395
-0.23588204 -0.0088424701 -0.29203114
-0.23525661 -0.0088653602 -0.29403827
-0.23400497 -0.0088653602 -0.2952899
-0.23337881 -0.0088958703 -0.29729632
-0.28409028 -0.0108261 -0.25521725
-0.28209382 -0.0108032 -0.25583202
-0.28010899 -0.0107727 -0.25643659
-0.27741092 -0.0107117 -0.25637123
-0.27544227 -0.0106888 -0.25695962
-0.27259398 -0.0106277 -0.2567009
-0.26993373 -0.0105743 -0.25659779
-0.26799199 -0.0105438 -0.25715926
-0.26535133 -0.0104904 -0.25703794
-0.26342508 -0.0104599 -0.25758252
-0.26150629 -0.0104294 -0.25812104
-0.25941998 -0.0103989 -0.25848061
-0.25820175 -0.0103989 -0.25969881
-0.25629842 -0.010376 -0.26022044
-0.2550846 -0.010376 -0.26143426
-0.25319141 -0.0103455 -0.26194715
-0.25198027 -0.0103455 -0.26315829
-0.25076646 -0.0103455 -0.26437214
-0.24888879 -0.0103149 -0.26486814
-0.24768035 -0.0103149 -0.26607659
-0.24647191 -0.0103149 -0.26728502
-0.24526884 -0.0103149 -0.26848811
-0.24470808 -0.0103455 -0.27043051
-0.24349964 -0.0103455 -0.27163896
-0.24229126 -0.0103455 -0.27284732
-0.24171901 -0.010376 -0.27479985
-0.24051055 -0.010376 -0.27600831
-0.23992826 -0.0103989 -0.27797231
-0.23951842 -0.0104294 -0.2801089
-0.23893541 -0.0104599 -0.28207219
-0.23834229 -0.0104904 -0.28404698
-0.23773764 -0.0105133 -0.2860319
-0.23713379 -0.0105438 -0.28801748
-0.23650756 -0.0105743 -0.29002395
-0.23588204 -0.0105972 -0.29203114
-0.23525661 -0.0106277 -0.29403827
-0.23400497 -0.0106277 -0.2952899
-0.23337881 -0.0106583 -0.29729632
-0.28482354 -0.0126572 -0.25586426
-0.28281707 -0.0126266 -0.25649047
-0.28010899 -0.012558 -0.25643659
-0.27813417 -0.0125198 -0.25702971
-0.27544227 -0.0124588 -0.25695962
-0.27259398 -0.0123901 -0.2567009
-0.27064073 -0.0123596 -0.25727245
-0.26799199 -0.012291 -0.25715926
-0.26605225 -0.0122604 -0.25771728
-0.26342508 -0.0121918 -0.25758252
-0.26150629 -0.0121613 -0.25812104
-0.26028436 -0.0121613 -0.25934297
-0.25820175 -0.0121231 -0.25969881
-0.25629842 -0.0120926 -0.26022044
-0.2550846 -0.0120926 -0.26143426
-0.25319141 -0.0120544 -0.26194715
-0.25198027 -0.0120544 -0.26315829
-0.25076646 -0.0120544 -0.26437214
-0.24955799 -0.0120544 -0.26558059
-0.24768035 -0.0120239 -0.26607659
-0.24647191 -0.0120239 -0.26728502
-0.24592735 -0.0120544 -0.26921123
-0.24470808 -0.0120544 -0.27043051
-0.24349964 -0.0120544 -0.27163896
-0.24229126 -0.0120544 -0.27284732
-0.24171901 -0.0120926 -0.27479985
-0.24114746 -0.0121231 -0.2767531
-0.23992826 -0.0121231 -0.27797231
-0.23951842 -0.0121613 -0.2801089
-0.23893541 -0.0121918 -0.28207219
-0.23834229 -0.0122223 -0.28404698
-0.23773764 -0.0122604 -0.2860319
-0.23713379 -0.012291 -0.28801748
-0.23650756 -0.0123215 -0.29002395
-0.23588204 -0.0123596 -0.29203114
-0.23525661 -0.0123901 -0.29403827
-0.23400497 -0.0123901 -0.2952899
-0.23337881 -0.0124207 -0.29729632
-0.28755316 -0.014534 -0.25589657
-0.28482354 -0.0144577 -0.25586426
-0.28281707 -0.0144196 -0.25649047
-0.28010899 -0.0143433 -0.25643659
-0.27813417 -0.0143051 -0.25702971
-0.27544227 -0.0142288 -0.25695962
-0.27330568 -0.0141907 -0.25736946
-0.27064073 -0.0141144 -0.25727245
-0.26799199 -0.0140381 -0.25715926
-0.26605225 -0.0139999 -0.25771728
-0.26412401 -0.0139618 -0.25826526
-0.26220044 -0.0139236 -0.25880712
-0.26028436 -0.0138855 -0.25934297
-0.25820175 -0.0138474 -0.25969881
-0.25698388 -0.0138474 -0.26091668
-0.2550846 -0.0138092 -0.26143426
-0.25386807 -0.0138092 -0.26265079
-0.25198027 -0.0137711 -0.26315829
-0.25076646 -0.0137711 -0.26437214
-0.24955799 -0.0137711 -0.26558059
-0.24834417 -0.0137711 -0.26679441
-0.24713579 -0.0137711 -0.26800281
-0.24592735 -0.0137711 -0.26921123
-0.24470808 -0.0137711 -0.27043051
-0.24349964 -0.0137711 -0.27163896
-0.24293819 -0.0138092 -0.27358067
-0.24171901 -0.0138092 -0.27479985
-0.24114746 -0.0138474 -0.2767531
-0.24073769 -0.0138855 -0.27888963
-0.23951842 -0.0138855 -0.2801089
-0.23893541 -0.0139236 -0.28207219
-0.23834229 -0.0139618 -0.28404698
-0.23773764 -0.0139999 -0.2860319
-0.23713379 -0.0140381 -0.28801748
-0.23650756 -0.0140762 -0.29002395
-0.23588204 -0.0141144 -0.29203114
-0.23525661 -0.0141525 -0.29403827
-0.23463039 -0.0141907 -0.29604474
-0.23337881 -0.0141907 -0.29729632
-0.28755316 -0.0163422 -0.25589657
-0.28482354 -0.016250599 -0.25586426
-0.28281707 -0.0162048 -0.25649047
-0.28083149 -0.0161591 -0.25709432
-0.27813417 -0.016082801 -0.25702971
-0.27615935 -0.016037 -0.25762281
-0.27330568 -0.015945399 -0.25736946
-0.27064073 -0.0158691 -0.25727245
-0.26869562 -0.0158234 -0.25783589
-0.26675659 -0.015777601 -0.25839466
-0.26412401 -0.0157013 -0.25826526
-0.26220044 -0.015655501 -0.25880712
-0.26028436 -0.0156097 -0.25934297
-0.25906309 -0.0156097 -0.26056421
-0.25698388 -0.0155716 -0.26091668
-0.2550846 -0.0155258 -0.26143426
-0.25386807 -0.0155258 -0.26265079
-0.25265422 -0.0155258 -0.26386464
-0.25076646 -0.0154877 -0.26437214
-0.24955799 -0.0154877 -0.26558059
-0.24834417 -0.0154877 -0.26679441
-0.24713579 -0.0154877 -0.26800281
-0.24592735 -0.0154877 -0.26921123
-0.24470808 -0.0154877 -0.27043051
-0.24415746 -0.0155258 -0.2723614
-0.24293819 -0.0155258 -0.27358067
-0.24236664 -0.0155716 -0.27553391
-0.24114746 -0.0155716 -0.2767531
-0.24073769 -0.0156097 -0.27888963
-0.24015459 -0.015655501 -0.28085297
-0.23956148 -0.0157013 -0.28282779
-0.23896766 -0.0157318 -0.2848019
-0.23836379 -0.015777601 -0.28678745
-0.23773758 -0.0158234 -0.28879395
-0.2371337 -0.0158691 -0.29077947
-0.23650819 -0.0159149 -0.29278669
-0.23525661 -0.0159149 -0.29403827
-0.23463039 -0.015945399 -0.29604474
-0.23337881 -0.015945399 -0.29729632
-0.28482354 -0.018051101 -0.25586426
-0.28281707 -0.018005401 -0.25649047
-0.28083149 -0.0179596 -0.25709432
-0.27813417 -0.0178528 -0.25702971
-0.27615935 -0.017806999 -0.25762281
-0.2741906 -0.017761201 -0.25821128
-0.27134779 -0.0176697 -0.25794709
-0.26939994 -0.0176239 -0.25851324
-0.26675659 -0.0175323 -0.25839466
-0.26482224 -0.0174866 -0.25894731
-0.26289535 -0.0174255 -0.25949392
-0.26097584 -0.0173798 -0.26003173
-0.25906309 -0.017333999 -0.26056421
-0.25698388 -0.017288201 -0.26091668
-0.25576735 -0.017288201 -0.26213321
-0.25386807 -0.0172424 -0.26265079
-0.25265422 -0.0172424 -0.26386464
-0.25144041 -0.0172424 -0.26507846
-0.25022656 -0.0172424 -0.2662923
-0.24901274 -0.0172424 -0.26750612
-0.24779354 -0.0172424 -0.26872531
-0.2465851 -0.0172424 -0.26993376
-0.24536583 -0.0172424 -0.27115303
-0.24415746 -0.0172424 -0.2723614
-0.24358591 -0.017288201 -0.27431464
-0.24236664 -0.017288201 -0.27553391
-0.24196769 -0.017333999 -0.27765962
-0.24138461 -0.0173798 -0.27962297
-0.24015459 -0.0173798 -0.28085297
-0.23956148 -0.0174255 -0.28282779
-0.23896766 -0.0174866 -0.2848019
-0.23836379 -0.0175323 -0.28678745
-0.23773758 -0.017578101 -0.28879395
-0.2371337 -0.0176239 -0.29077947
-0.23650819 -0.0176697 -0.29278669
-0.23586041 -0.017715501 -0.29481474
-0.23463039 -0.017715501 -0.29604474
-0.23415586 -0.017761201 -0.29824603
-0.28083149 -0.019744899 -0.25709432
-0.27885196 -0.019683801 -0.25769362
-0.27687177 -0.019638101 -0.25829211
-0.2741906 -0.0195313 -0.25821128
-0.2720595 -0.0194855 -0.25861564
-0.26939994 -0.019378699 -0.25851324
-0.26745752 -0.019332901 -0.259074
-0.2655212 -0.019271901 -0.25963005
-0.26359087 -0.0192261 -0.26017866
-0.26166803 -0.019165 -0.26072124
-0.2597512 -0.0191193 -0.26125637
-0.25784186 -0.0190582 -0.26178545
-0.25661993 -0.0190582 -0.26300737
-0.25454813 -0.0190125 -0.26335242
-0.25332889 -0.0190125 -0.26457167
-0.25144041 -0.018966701 -0.26507846
-0.25022656 -0.018966701 -0.2662923
-0.24901274 -0.018966701 -0.26750612
-0.24779354 -0.018966701 -0.26872531
-0.2465851 -0.018966701 -0.26993376
-0.24602437 -0.0190125 -0.27187619
-0.24480511 -0.0190125 -0.27309546
-0.24358591 -0.0190125 -0.27431464
-0.24318689 -0.0190582 -0.27644041
-0.24260387 -0.0191193 -0.2784037
-0.24138461 -0.0191193 -0.27962297
-0.2407915 -0.019165 -0.28159779
-0.24019767 -0.0192261 -0.28357187
-0.2395938 -0.019271901 -0.28555745
-0.23898916 -0.019332901 -0.28754237
-0.23836371 -0.019378699 -0.28954947
-0.23773821 -0.019424399 -0.29155669
-0.23650819 -0.019424399 -0.29278669
-0.23586041 -0.0194855 -0.29481474
-0.23463039 -0.0194855 -0.29604474
-0.23415586 -0.0195313 -0.29824603
-0.28083149 -0.0215302 -0.25709432
-0.27885196 -0.021469099 -0.25769362
-0.27687177 -0.021423301 -0.25829211
-0.2749024 -0.021362299 -0.25887978
-0.2720595 -0.021240201 -0.25861564
-0.27010697 -0.021194501 -0.25918791
-0.26815915 -0.0211334 -0.25975403
-0.26621941 -0.021072401 -0.26031211
-0.26359087 -0.0209656 -0.26017866
-0.26166803 -0.0209045 -0.26072124
-0.26044005 -0.0209045 -0.26194924
-0.25852659 -0.0208435 -0.26248097
-0.25661993 -0.0207977 -0.26300737
-0.25539801 -0.0207977 -0.2642293
-0.25332889 -0.0207367 -0.26457167
-0.25211507 -0.0207367 -0.26578549
-0.25089583 -0.0207367 -0.26700473
-0.24967664 -0.0207367 -0.26822391
-0.24845739 -0.0207367 -0.26944318
-0.24724357 -0.0207367 -0.270657
-0.24685536 -0.0207977 -0.27277195
-0.24562535 -0.0207977 -0.27400196
-0.24440609 -0.0207977 -0.27522123
-0.24383388 -0.0208435 -0.2771737
-0.24260387 -0.0208435 -0.2784037
-0.24202152 -0.0209045 -0.28036776
-0.24142767 -0.0209656 -0.28234187
-0.24082382 -0.0210266 -0.28432742
-0.24021918 -0.021072401 -0.28631234
-0.23898916 -0.021072401 -0.28754237
-0.23836371 -0.0211334 -0.28954947
-0.23773821 -0.021194501 -0.29155669
-0.23711199 -0.021240201 -0.29356316
-0.23586041 -0.021240201 -0.29481474
-0.23540744 -0.021301299 -0.29699445
-0.28083149 -0.0233154 -0.25709432
-0.27956909 -0.0233154 -0.25835675
-0.27758962 -0.0232544 -0.25895596
-0.2749024 -0.0231323 -0.25887978
-0.27293906 -0.0230713 -0.25946286
-0.2708106 -0.0230103 -0.25986454
-0.26886079 -0.0229492 -0.26043409
-0.26621941 -0.0228271 -0.26031211
-0.26428577 -0.0227661 -0.26086548
-0.26235953 -0.0227051 -0.26141003
-0.26112816 -0.0227051 -0.2626414
-0.25921205 -0.022644 -0.26317722
-0.25730199 -0.022583 -0.26370561
-0.25607735 -0.022583 -0.26493022
-0.2541815 -0.022522001 -0.26544583
-0.25295687 -0.022522001 -0.26667044
-0.25173765 -0.022522001 -0.26788968
-0.25051302 -0.022522001 -0.26911432
-0.24929382 -0.022522001 -0.2703335
-0.24807456 -0.022522001 -0.27155277
-0.24685536 -0.022522001 -0.27277195
-0.2462831 -0.022583 -0.27472448
-0.24505308 -0.022583 -0.27595448
-0.24448153 -0.022644 -0.27790773
-0.24325152 -0.022644 -0.27913776
-0.24265769 -0.0227051 -0.28111187
-0.24206458 -0.0227661 -0.28308666
-0.24082382 -0.0227661 -0.28432742
-0.24021918 -0.0228271 -0.28631234
-0.23961529 -0.0228882 -0.28829789
-0.23836371 -0.0228882 -0.28954947
-0.23773821 -0.0229492 -0.29155669
-0.23711199 -0.0230103 -0.29356316
-0.28155464 -0.025177 -0.25775287
-0.27956909 -0.025116 -0.25835675
-0.27758962 -0.025039701 -0.25895596
-0.2756148 -0.0249786 -0.25954905
-0.27364537 -0.024917601 -0.26013681
-0.27169016 -0.024841299 -0.26071173
-0.26956171 -0.0247803 -0.26111344
-0.26691833 -0.0246429 -0.26099485
-0.2649813 -0.0245819 -0.26155022
-0.26305172 -0.0245056 -0.26209953
-0.26181698 -0.0245056 -0.26333427
-0.25989679 -0.024444601 -0.26387274
-0.25798473 -0.0243835 -0.26440454
-0.25675741 -0.0243835 -0.26563185
-0.25485542 -0.024307299 -0.26615214
-0.25363082 -0.024307299 -0.26737675
-0.25240621 -0.024307299 -0.26860136
-0.25117621 -0.024307299 -0.26983139
-0.24995156 -0.024307299 -0.27105603
-0.24873237 -0.024307299 -0.27227521
-0.24750236 -0.024307299 -0.27350521
-0.24693081 -0.0243835 -0.27545846
-0.24570079 -0.0243835 -0.27668849
-0.24511772 -0.024444601 -0.27865183
-0.24388771 -0.024444601 -0.27988183
-0.2432946 -0.0245056 -0.28185666
-0.24270076 -0.0245819 -0.28383076
-0.24146 -0.0245819 -0.28507152
-0.24084529 -0.0246429 -0.28706789
-0.23961529 -0.0246429 -0.28829789
-0.23898979 -0.024719199 -0.29030511
-0.23773821 -0.024719199 -0.29155669
-0.23711199 -0.0247803 -0.29356316
-0.28155464 -0.026962301 -0.25775287
-0.27956909 -0.0269012 -0.25835675
-0.27758962 -0.026825 -0.25895596
-0.2756148 -0.026763899 -0.25954905
-0.27364537 -0.0266876 -0.26013681
-0.27169016 -0.0266113 -0.26071173
-0.26956171 -0.0265503 -0.26111344
-0.26761729 -0.026474001 -0.26167759
-0.26567617 -0.026397699 -0.26223701
-0.26443505 -0.026397699 -0.26347813
-0.26250508 -0.0263367 -0.26402643
-0.26058224 -0.0262604 -0.26456901
-0.25866678 -0.026184101 -0.26510277
-0.25743407 -0.026184101 -0.26633549
-0.25553012 -0.026123 -0.26685917
-0.25430009 -0.026123 -0.26808921
-0.25307006 -0.026123 -0.26931924
-0.25184548 -0.026123 -0.27054378
-0.25061548 -0.026123 -0.27177382
-0.24939084 -0.026123 -0.27299845
-0.24881858 -0.026184101 -0.27495098
-0.24758856 -0.026184101 -0.27618098
-0.24634773 -0.026184101 -0.27742183
-0.24576543 -0.0262604 -0.27938581
-0.24517161 -0.0263367 -0.28135991
-0.24393077 -0.0263367 -0.28260076
-0.24270076 -0.0263367 -0.28383076
-0.24208605 -0.026397699 -0.28582713
-0.24084529 -0.026397699 -0.28706789
-0.23961529 -0.026397699 -0.28829789
-0.23898979 -0.026474001 -0.29030511
-0.23773821 -0.026474001 -0.29155669
-0.23711199 -0.0265503 -0.29356316
-0.28028688 -0.028762801 -0.25902066
-0.27830133 -0.028686499 -0.25962451
-0.27632722 -0.0286102 -0.26021835
-0.2743578 -0.0285339 -0.26080605
-0.27239376 -0.028457601 -0.26138839
-0.27043855 -0.028381299 -0.26196334
-0.26831549 -0.0283051 -0.26235965
-0.26637244 -0.028228801 -0.26292247
-0.26512724 -0.028228801 -0.26416764
-0.26319391 -0.028152499 -0.26471928
-0.26126698 -0.0280762 -0.26526454
-0.26002887 -0.0280762 -0.26650265
-0.25811413 -0.0279999 -0.26703712
-0.25687873 -0.0279999 -0.26827252
-0.25497404 -0.027923601 -0.26879552
-0.25373861 -0.027923601 -0.27003092
-0.25250861 -0.027923601 -0.27126095
-0.25127861 -0.027923601 -0.27249095
-0.25004858 -0.027923601 -0.27372098
-0.24946629 -0.0279999 -0.27568495
-0.24823628 -0.0279999 -0.27691498
-0.2476532 -0.0280762 -0.27887833
-0.24641244 -0.0280762 -0.28011909
-0.2458193 -0.028152499 -0.28209388
-0.24457847 -0.028152499 -0.2833347
-0.24332689 -0.028152499 -0.28458628
-0.24272296 -0.028228801 -0.28657192
-0.24147138 -0.028228801 -0.2878235
-0.24024136 -0.028228801 -0.2890535
-0.28028688 -0.030563399 -0.25902066
-0.27830133 -0.0304718 -0.25962451
-0.27632722 -0.0303955 -0.26021835
-0.2743578 -0.030319201 -0.26080605
-0.27239376 -0.030242899 -0.26138839
-0.27043855 -0.030151401 -0.26196334
-0.26918697 -0.030151401 -0.26321492
-0.2670666 -0.030075099 -0.26360855
-0.26581872 -0.030075099 -0.26485643
-0.26388273 -0.0299988 -0.26541215
-0.26263788 -0.0299988 -0.26665699
-0.26071161 -0.0299072 -0.26720157
-0.25879079 -0.029830899 -0.26774076
-0.25755268 -0.029830899 -0.26897886
-0.25631726 -0.029830899 -0.27021426
-0.25440791 -0.0297546 -0.27074334
-0.25317252 -0.0297546 -0.27197874
-0.25193706 -0.0297546 -0.27321419
-0.25136486 -0.029830899 -0.27516666
-0.25012404 -0.029830899 -0.27640748
-0.2488832 -0.029830899 -0.2776483
-0.2483009 -0.0299072 -0.27961227
-0.24706006 -0.0299072 -0.28085312
-0.2458193 -0.0299072 -0.28209388
-0.24521537 -0.0299988 -0.28407952
-0.24396379 -0.0299988 -0.2853311
-0.24272296 -0.0299988 -0.28657192
-0.24147138 -0.0299988 -0.2878235
-0.27632722 -0.032165501 -0.26021835
-0.2743578 -0.032074001 -0.26080605
-0.27239376 -0.032012898 -0.26138839
-0.27113947 -0.032012898 -0.26264268
-0.26918697 -0.031921402 -0.26321492
-0.26793402 -0.031921402 -0.26446787
-0.26668346 -0.031921402 -0.26571846
-0.26457083 -0.0318298 -0.26610431
-0.26332262 -0.0318298 -0.26735252
-0.26139438 -0.0317383 -0.2679005
-0.26014817 -0.0317383 -0.26914671
-0.25822732 -0.031677201 -0.26968586
-0.2569865 -0.031677201 -0.27092665
-0.25574574 -0.031677201 -0.27216744
-0.25450492 -0.031677201 -0.27340826
-0.25326407 -0.031677201 -0.27464911
-0.25202331 -0.031677201 -0.27588987
-0.25078249 -0.031677201 -0.27713069
-0.24954173 -0.031677201 -0.27837145
-0.2483009 -0.031677201 -0.27961227
-0.24769697 -0.0317383 -0.28159791
-0.24645621 -0.0317383 -0.28283867
-0.24521537 -0.0317383 -0.28407952
-0.24459997 -0.0318298 -0.28607517
-0.24272296 -0.0317383 -0.28657192
-0.24211837 -0.0318298 -0.28855675
-0.2698825 -0.033783 -0.26389965
-0.26793402 -0.033691399 -0.26446787
-0.26668346 -0.033691399 -0.26571846
-0.26543218 -0.033691399 -0.26696971
-0.2641806 -0.033691399 -0.26822129
-0.26207373 -0.033599898 -0.26860142
-0.26082751 -0.033599898 -0.26984763
-0.25890738 -0.033508301 -0.2703875
-0.25766116 -0.033508301 -0.27163371
-0.25641495 -0.033508301 -0.27287993
-0.25516883 -0.033508301 -0.27412605
-0.25326407 -0.0334167 -0.27464911
-0.25202331 -0.0334167 -0.27588987
-0.25144094 -0.033508301 -0.27785394
-0.25018936 -0.033508301 -0.27910551
-0.2489486 -0.033508301 -0.28034627
-0.24769697 -0.033508301 -0.28159791
-0.24710312 -0.033599898 -0.28357202
-0.24585155 -0.033599898 -0.2848236
-0.24459997 -0.033599898 -0.28607517
-0.2698825 -0.035553001 -0.26389965
-0.26862955 -0.035553001 -0.2651526
-0.26737493 -0.035553001 -0.26640725
-0.26612031 -0.035553001 -0.26766187
-0.2641806 -0.0354614 -0.26822129
-0.26292899 -0.0354614 -0.2694729
-0.26082751 -0.035369899 -0.26984763
-0.25958133 -0.035369899 -0.27109382
-0.25832972 -0.035369899 -0.27234539
-0.25641495 -0.035278302 -0.27287993
-0.25516883 -0.035278302 -0.27412605
-0.25392261 -0.035278302 -0.27537227
-0.25268179 -0.035278302 -0.27661312
-0.25144094 -0.035278302 -0.27785394
-0.25018936 -0.035278302 -0.27910551
-0.2489486 -0.035278302 -0.28034627
-0.24834396 -0.035369899 -0.2823312
-0.24710312 -0.035369899 -0.28357202
-0.24585155 -0.035369899 -0.2848236
-0.26737493 -0.037323002 -0.26640725
-0.26612031 -0.037323002 -0.26766187
-0.26486534 -0.037323002 -0.26891685
-0.26292899 -0.037231401 -0.2694729
-0.26167741 -0.037231401 -0.27072448
-0.25958133 -0.0371399 -0.27109382
-0.25832972 -0.0371399 -0.27234539
-0.25708351 -0.0371399 -0.27359164
-0.25583193 -0.0371399 -0.27484322
-0.25392261 -0.0370178 -0.27537227
-0.25268179 -0.0370178 -0.27661312
-0.25144094 -0.0370178 -0.27785394
