0.0028953601 0.28989506 -0.24941248
0.0046768198 0.28915024 -0.24877559
0.00646591 0.28915024 -0.24877559
0.0082550002 0.28915024 -0.24877559
0.0100174 0.28840616 -0.2481394
0.0118027 0.28840616 -0.2481394
0.0135803 0.28840616 -0.2481394
-0.000691414 0.2886219 -0.25068563
0.00110149 0.2886219 -0.25068563
0.00288773 0.28788784 -0.25003797
0.0046768198 0.28788784 -0.25003797
0.0064468398 0.28714377 -0.24940181
0.0082321204 0.28714377 -0.24940181
0.0100174 0.28714377 -0.24940181
0.0117645 0.28639898 -0.2487649
0.0135498 0.28639898 -0.2487649
0.0153275 0.28639898 -0.2487649
0.017105101 0.28639898 -0.2487649
0.0188751 0.28639898 -0.2487649
0.0206604 0.28639898 -0.2487649
-0.0042762798 0.28735951 -0.25194803
-0.0024852799 0.28735951 -0.25194803
-0.000689507 0.28661472 -0.25131112
0.00109863 0.28661472 -0.25131112
0.00288773 0.28661472 -0.25131112
0.0046615601 0.28588137 -0.2506642
0.0064468398 0.28588137 -0.2506642
0.0082092304 0.2851474 -0.25001648
0.0099868802 0.2851474 -0.25001648
0.0117645 0.2851474 -0.25001648
0.0135117 0.28440258 -0.24937959
0.0152893 0.28440258 -0.24937959
0.0170593 0.28440258 -0.24937959
0.018829299 0.28440258 -0.24937959
0.0206146 0.28440258 -0.24937959
0.022384601 0.28440258 -0.24937959
0.0242157 0.2851474 -0.25001648
0.0260773 0.28588137 -0.2506642
-0.0078659104 0.28608629 -0.25322124
-0.0060729999 0.28608629 -0.25322124
-0.0042762798 0.28608629 -0.25322124
-0.0024776501 0.28535232 -0.25257352
-0.000689507 0.28535232 -0.25257352
0.00109577 0.28461903 -0.25192651
0.0028800999 0.28461903 -0.25192651
0.0046501202 0.283885 -0.25127888
0.0064315801 0.283885 -0.25127888
0.0082092304 0.283885 -0.25127888
0.0099639902 0.283151 -0.25063115
0.011734 0.283151 -0.25063115
0.0135117 0.283151 -0.25063115
0.0152435 0.28241774 -0.24998416
0.0170135 0.28241774 -0.24998416
0.018783599 0.28241774 -0.24998416
0.0206146 0.283151 -0.25063115
0.022384601 0.283151 -0.25063115
0.0241547 0.283151 -0.25063115
0.026001001 0.283885 -0.25127888
0.0277863 0.283885 -0.25127888
0.0296326 0.28461903 -0.25192651
0.031402599 0.28461903 -0.25192651
-0.0096588098 0.28482395 -0.25448358
-0.0078659104 0.28482395 -0.25448358
-0.0060539199 0.28408989 -0.25383592
-0.0042648301 0.28408989 -0.25383592
-0.0024776501 0.28408989 -0.25383592
-0.00068759901 0.28335664 -0.25318894
0.00109577 0.28335664 -0.25318894
0.0028724701 0.28263339 -0.25253046
0.00463867 0.28189942 -0.25188273
0.0064125098 0.28189942 -0.25188273
0.0081634503 0.28116608 -0.25123581
0.0099334698 0.28116608 -0.25123581
0.0117035 0.28116608 -0.25123581
0.013443 0.28025958 -0.25041556
0.0152054 0.28025958 -0.25041556
0.0169678 0.28025958 -0.25041556
0.018783599 0.28116608 -0.25123581
0.0205536 0.28116608 -0.25123581
0.022323599 0.28116608 -0.25123581
0.0241547 0.28189942 -0.25188273
0.025924699 0.28189942 -0.25188273
0.0277863 0.28263339 -0.25253046
0.0295563 0.28263339 -0.25253046
0.031402599 0.28335664 -0.25318894
0.033203099 0.28335664 -0.25318894
0.035064701 0.28408989 -0.25383592
-0.0096588098 0.28355074 -0.2557568
-0.0078430204 0.2828275 -0.25509831
-0.0060539199 0.2828275 -0.25509831
-0.0042533898 0.28209424 -0.25445133
-0.0024719201 0.28209424 -0.25445133
-0.00068616902 0.281371 -0.25379285
0.00109005 0.28064784 -0.25313431
0.00286484 0.28064784 -0.25313431
0.0046272301 0.2799145 -0.25248739
0.0063972501 0.2799145 -0.25248739
0.0081405602 0.27901873 -0.25165638
0.0099105798 0.27901873 -0.25165638
0.0116425 0.27828547 -0.2510094
0.0134048 0.27828547 -0.2510094
0.0151672 0.27828547 -0.2510094
0.016922001 0.27828547 -0.2510094
0.0187378 0.27901873 -0.25165638
0.0204926 0.27901873 -0.25165638
0.022262599 0.27901873 -0.25165638
0.0240936 0.2799145 -0.25248739
0.025863601 0.2799145 -0.25248739
0.02771 0.28064784 -0.25313431
0.029479999 0.28064784 -0.25313431
0.031341601 0.281371 -0.25379285
0.033111598 0.281371 -0.25379285
0.0349731 0.28209424 -0.25445133
-0.0132446 0.28228834 -0.25701919
-0.0114517 0.28228834 -0.25701919
-0.0096282996 0.28155437 -0.25637147
-0.0078430204 0.28155437 -0.25637147
-0.00603867 0.28083184 -0.25571373
-0.0042419401 0.28010869 -0.25505519
-0.00246429 0.28010869 -0.25505519
-0.00068426097 0.27938545 -0.25439671
0.00108719 0.27866292 -0.25373897
0.0028572101 0.27866292 -0.25373897
0.00461578 0.27776715 -0.25290796
0.0063629202 0.27704465 -0.25225022
0.0081176804 0.27704465 -0.25225022
0.0098800696 0.27704465 -0.25225022
0.0116119 0.27632147 -0.25159168
0.0133667 0.27632147 -0.25159168
0.0151215 0.27632147 -0.25159168
0.0168762 0.27632147 -0.25159168
0.018631 0.27632147 -0.25159168
0.0204468 0.27704465 -0.25225022
0.022201501 0.27704465 -0.25225022
0.0240326 0.27776715 -0.25290796
0.0257874 0.27776715 -0.25290796
0.027633701 0.27866292 -0.25373897
0.0294037 0.27866292 -0.25373897
0.03125 0.27938545 -0.25439671
0.033111598 0.28010869 -0.25505519
0.034881599 0.28010869 -0.25505519
0.036682099 0.28010869 -0.25505519
-0.0150375 0.28101519 -0.25829232
-0.0132446 0.28101519 -0.25829232
-0.0114212 0.28029197 -0.25763386
-0.0096282996 0.28029197 -0.25763386
-0.0078201303 0.27956954 -0.25697604
-0.0060234098 0.27885702 -0.25630683
-0.0042305002 0.27813387 -0.25564829
-0.00245094 0.27741134 -0.25499055
-0.00068235397 0.27741134 -0.25499055
0.00108433 0.27651557 -0.25415957
0.0028419499 0.27580389 -0.25349098
0.0046005198 0.27580389 -0.25349098
0.0063438402 0.27508065 -0.25283253
0.0081024198 0.27508065 -0.25283253
0.0098266602 0.27435744 -0.25217408
0.0115814 0.27435744 -0.25217408
0.0133286 0.27435744 -0.25217408
0.0150833 0.27435744 -0.25217408
0.0168304 0.27435744 -0.25217408
0.018585199 0.27435744 -0.25217408
0.020339999 0.27435744 -0.25217408
0.022140499 0.27508065 -0.25283253
0.023895301 0.27508065 -0.25283253
0.0257263 0.27580389 -0.25349098
0.027557399 0.27651557 -0.25415957
0.0293274 0.27651557 -0.25415957
0.0311737 0.27741134 -0.25499055
0.033020001 0.27813387 -0.25564829
0.034790002 0.27813387 -0.25564829
0.036682099 0.27885702 -0.25630683
-0.0150375 0.27974743 -0.25956011
-0.0132065 0.27902964 -0.2588962
-0.0114212 0.27902964 -0.2588962
-0.0096054096 0.2783125 -0.25823307
-0.0078010601 0.27760008 -0.2575638
-0.0060081501 0.27688223 -0.25689995
-0.0042228699 0.27616513 -0.25623676
-0.00244522 0.27527475 -0.25540039
-0.00067853899 0.27455768 -0.2547372
0.0010814701 0.27455768 -0.2547372
0.0028343201 0.27383989 -0.25407329
0.00457764 0.27312204 -0.25340948
0.00632858 0.27312204 -0.25340948
0.0080566397 0.27240497 -0.25274628
0.0098037701 0.27240497 -0.25274628
0.0115509 0.27240497 -0.25274628
0.013298 0.27240497 -0.25274628
0.0150452 0.27240497 -0.25274628
0.0167847 0.27240497 -0.25274628
0.018539401 0.27240497 -0.25274628
0.020278901 0.27240497 -0.25274628
0.022079499 0.27312204 -0.25340948
0.023834201 0.27312204 -0.25340948
0.02565 0.27383989 -0.25407329
0.0274811 0.27455768 -0.2547372
0.0292511 0.27455768 -0.2547372
0.031097399 0.27527475 -0.25540039
0.0329285 0.27616513 -0.25623676
0.034698501 0.27616513 -0.25623676
0.0365601 0.27688223 -0.25689995
-0.018676801 0.27919137 -0.26149642
-0.0168304 0.27847967 -0.26082787
-0.0149994 0.27776724 -0.2601586
-0.0132065 0.27776724 -0.2601586
-0.0113907 0.27705553 -0.25949001
-0.0095825205 0.27633768 -0.2588262
-0.0077819801 0.27562526 -0.2581569
-0.0059928899 0.27491355 -0.25748834
-0.00421143 0.27402318 -0.25665197
-0.0024395001 0.27331147 -0.25598341
-0.00067663199 0.27259907 -0.25531411
0.00107861 0.27259907 -0.25531411
0.00282669 0.27188122 -0.25465029
0.0045661898 0.27116951 -0.25398174
0.0063095102 0.27116951 -0.25398174
0.0080337496 0.27045709 -0.25331244
0.0097732497 0.27045709 -0.25331244
0.0115204 0.27045709 -0.25331244
0.0132599 0.27045709 -0.25331244
0.0149612 0.26974541 -0.25264388
0.016738901 0.27045709 -0.25331244
0.018478399 0.27045709 -0.25331244
0.020217899 0.27045709 -0.25331244
0.022018399 0.27116951 -0.25398174
0.023773201 0.27116951 -0.25398174
0.025589 0.27188122 -0.25465029
0.0273438 0.27188122 -0.25465029
0.029174799 0.27259907 -0.25531411
0.0310059 0.27331147 -0.25598341
0.032836899 0.27402318 -0.25665197
0.034698501 0.27491355 -0.25748834
0.036468498 0.27491355 -0.25748834
0.038238499 0.27491355 -0.25748834
0.0401306 0.27562526 -0.2581569
-0.018676801 0.27792358 -0.26276422
-0.0168304 0.27721187 -0.26209563
-0.0149994 0.27649948 -0.26142636
-0.013176 0.27579314 -0.26075241
-0.0113602 0.27508074 -0.26008314
-0.0095520001 0.27436826 -0.25941393
-0.0077629099 0.27366197 -0.25873992
-0.0059738201 0.27277696 -0.25789818
-0.0041999798 0.27206528 -0.2572296
-0.00243187 0.27135822 -0.25655496
-0.00067520101 0.27064583 -0.25588569
0.00107288 0.26993412 -0.25521711
0.0028190601 0.26993412 -0.25521711
0.0045509301 0.26922172 -0.25454783
0.00629425 0.26922172 -0.25454783
0.0080108596 0.26851538 -0.25387388
0.0097503699 0.26851538 -0.25387388
0.0114899 0.26851538 -0.25387388
0.0132217 0.26851538 -0.25387388
0.0149231 0.26780295 -0.25320461
0.0166931 0.26851538 -0.25387388
0.0184326 0.26851538 -0.25387388
0.020172101 0.26851538 -0.25387388
0.021972699 0.26922172 -0.25454783
0.023712199 0.26922172 -0.25454783
0.025512701 0.26993412 -0.25521711
0.027267501 0.26993412 -0.25521711
0.0290833 0.27064583 -0.25588569
0.030929601 0.27135822 -0.25655496
0.032775901 0.27206528 -0.2572296
0.0346069 0.27277696 -0.25789818
0.036468498 0.27366197 -0.25873992
0.038238499 0.27366197 -0.25873992
0.0400085 0.27366197 -0.25873992
0.041900601 0.27436826 -0.25941393
-0.020477301 0.27665043 -0.26403737
-0.0186157 0.27594408 -0.26336342
-0.0167847 0.27523705 -0.26268876
-0.0149612 0.27453074 -0.26201481
-0.0131378 0.27382371 -0.26134014
-0.0113297 0.27311668 -0.26066548
-0.00952911 0.27241036 -0.25999153
-0.0077400198 0.27153081 -0.25914434
-0.0059585599 0.2708191 -0.25847578
-0.0041885399 0.27011207 -0.25780112
-0.00242615 0.26940504 -0.25712648
-0.00067329401 0.26869872 -0.25645253
0.00107002 0.26799169 -0.25577787
0.00281143 0.26799169 -0.25577787
0.0045394902 0.26728538 -0.25510392
0.0062751798 0.26728538 -0.25510392
0.0079879798 0.26657832 -0.25442925
0.0097198496 0.26657832 -0.25442925
0.0114517 0.26657832 -0.25442925
0.0131912 0.26657832 -0.25442925
0.0149231 0.26657832 -0.25442925
0.0166473 0.26657832 -0.25442925
0.0183868 0.26657832 -0.25442925
0.020111101 0.26657832 -0.25442925
0.021911601 0.26728538 -0.25510392
0.0236359 0.26728538 -0.25510392
0.025451699 0.26799169 -0.25577787
0.027267501 0.26869872 -0.25645253
0.029007001 0.26869872 -0.25645253
0.030838 0.26940504 -0.25712648
0.0326843 0.27011207 -0.25780112
0.034515399 0.2708191 -0.25847578
0.036377002 0.27153081 -0.25914434
0.038146999 0.27153081 -0.25914434
0.0400085 0.27241036 -0.25999153
0.041778602 0.27241036 -0.25999153
-0.020477301 0.27537996 -0.26530784
-0.0186157 0.27467632 -0.26463121
-0.016738901 0.27326837 -0.2632772
-0.0149231 0.27256402 -0.26259983
-0.0131073 0.27186239 -0.26191977
-0.0112991 0.27115875 -0.26124313
-0.0095062302 0.27028191 -0.26039323
-0.0077209501 0.26957828 -0.2597166
-0.0059433002 0.26887396 -0.25903922
-0.0041770898 0.26816964 -0.25836188
-0.0024185199 0.26746601 -0.25768524
-0.00067138701 0.26676166 -0.25700787
0.00106716 0.26605806 -0.25633124
0.0028037999 0.26605806 -0.25633124
0.0045280498 0.26535371 -0.25565386
0.0062599201 0.26535371 -0.25565386
0.0079650898 0.26465279 -0.25497451
0.0096969604 0.26465279 -0.25497451
0.0114212 0.26465279 -0.25497451
0.0131531 0.26465279 -0.25497451
0.0148773 0.26465279 -0.25497451
0.0166016 0.26465279 -0.25497451
0.0183258 0.26465279 -0.25497451
0.0200653 0.26465279 -0.25497451
0.021850601 0.26535371 -0.25565386
0.023574799 0.26535371 -0.25565386
0.0253754 0.26605806 -0.25633124
0.027191199 0.26676166 -0.25700787
0.029007001 0.26746601 -0.25768524
0.0307617 0.26746601 -0.25768524
0.0325928 0.26816964 -0.25836188
0.034423798 0.26887396 -0.25903922
0.0362854 0.26957828 -0.2597166
0.038146999 0.27028191 -0.26039323
0.0400085 0.27115875 -0.26124313
0.041778602 0.27115875 -0.26124313
-0.020477301 0.27410948 -0.26657832
-0.0185699 0.2727069 -0.26521891
-0.016738901 0.27200869 -0.26453689
-0.0148773 0.27060542 -0.26317677
-0.0130692 0.26990718 -0.26249471
-0.0112686 0.26903301 -0.26164213
-0.0094757099 0.26833209 -0.26096278
-0.00769806 0.26763314 -0.26028004
-0.00592804 0.26693153 -0.25960001
-0.0041656499 0.26623058 -0.25892064
-0.0024128 0.26553166 -0.2582379
-0.00066947902 0.26483074 -0.25755855
0.0010643 0.2641291 -0.2568785
0.0027961701 0.2641291 -0.2568785
0.0045166002 0.26343086 -0.25619644
0.0062446599 0.26343086 -0.25619644
0.0079650898 0.26343086 -0.25619644
0.0096664401 0.2625567 -0.25534385
0.0113907 0.2625567 -0.25534385
0.0131149 0.2625567 -0.25534385
0.0148392 0.2625567 -0.25534385
0.016555799 0.2625567 -0.25534385
0.018279999 0.2625567 -0.25534385
0.0200653 0.26343086 -0.25619644
0.021789599 0.26343086 -0.25619644
0.023574799 0.2641291 -0.2568785
0.025314299 0.2641291 -0.2568785
0.0271149 0.26483074 -0.25755855
0.028930699 0.26553166 -0.2582379
0.0307617 0.26623058 -0.25892064
0.0325928 0.26693153 -0.25960001
0.034423798 0.26763314 -0.26028004
0.0362854 0.26833209 -0.26096278
0.038055401 0.26833209 -0.26096278
0.039917 0.26903301 -0.26164213
0.041778602 0.26990718 -0.26249471
0.043548599 0.26990718 -0.26249471
-0.020416301 0.27214077 -0.26716676
-0.0185242 0.27074629 -0.26579925
-0.0166931 0.27004871 -0.26511517
-0.0148773 0.26935109 -0.26443106
-0.0130386 0.26778546 -0.26288968
-0.0112381 0.26708859 -0.26220629
-0.0094528198 0.26639098 -0.2615222
-0.0076789898 0.26569343 -0.26083809
-0.0059127798 0.26499653 -0.26015472
-0.00415421 0.26429895 -0.25947061
-0.0024051699 0.26360342 -0.25878587
-0.00066757202 0.26290584 -0.25810176
0.0010643 0.26290584 -0.25810176
0.00278854 0.26220894 -0.25741836
0.0045166002 0.26220894 -0.25741836
0.0062255901 0.26133883 -0.25656173
0.00794983 0.26133883 -0.25656173
0.0096664401 0.26133883 -0.25656173
0.0113602 0.26064125 -0.25587761
0.0130768 0.26064125 -0.25587761
0.014801 0.26064125 -0.25587761
0.016555799 0.26133883 -0.25656173
0.018279999 0.26133883 -0.25656173
0.0200043 0.26133883 -0.25656173
0.021789599 0.26220894 -0.25741836
0.0235138 0.26220894 -0.25741836
0.025314299 0.26290584 -0.25810176
0.0270386 0.26290584 -0.25810176
0.0288544 0.26360342 -0.25878587
0.0306702 0.26429895 -0.25947061
0.032501198 0.26499653 -0.26015472
0.034332301 0.26569343 -0.26083809
0.036193799 0.26639098 -0.2615222
0.038055401 0.26708859 -0.26220629
0.039917 0.26778546 -0.26288968
0.041687001 0.26778546 -0.26288968
0.043548599 0.26865557 -0.26374632
-0.020416301 0.27087232 -0.26843521
-0.0184326 0.26809683 -0.26568535
-0.0166473 0.26809683 -0.26568535
-0.0148392 0.2674033 -0.26499858
-0.0130386 0.26653725 -0.26413789
-0.0112381 0.26584375 -0.26345113
-0.0094299298 0.26445532 -0.2620762
-0.0076599098 0.26376247 -0.26138878
-0.0058937101 0.26306826 -0.2607013
-0.0041427598 0.26237476 -0.26001453
-0.0024051699 0.26237476 -0.26001453
-0.00066757202 0.26168051 -0.25932705
0.00106144 0.2609877 -0.2586396
0.00278854 0.2609877 -0.2586396
0.00450134 0.26012096 -0.2577796
0.0062255901 0.26012096 -0.2577796
0.00792694 0.25942674 -0.25709212
0.00964355 0.25942674 -0.25709212
0.0113602 0.25942674 -0.25709212
0.0130768 0.25942674 -0.25709212
0.014801 0.25942674 -0.25709212
0.01651 0.25942674 -0.25709212
0.018234299 0.25942674 -0.25709212
0.0200043 0.26012096 -0.2577796
0.021728501 0.26012096 -0.2577796
0.0235138 0.2609877 -0.2586396
0.025238 0.2609877 -0.2586396
0.0270386 0.26168051 -0.25932705
0.0288544 0.26237476 -0.26001453
0.0306702 0.26306826 -0.2607013
0.032501198 0.26376247 -0.26138878
0.034332301 0.26445532 -0.2620762
0.036193799 0.2651495 -0.26276368
0.038055401 0.26584375 -0.26345113
0.0397949 0.26584375 -0.26345113
0.041687001 0.26653725 -0.26413789
0.043426499 0.26653725 -0.26413789
-0.0184326 0.26684225 -0.26693994
-0.0166473 0.26684225 -0.26693994
-0.0148392 0.26615223 -0.26624966
-0.0130005 0.26459897 -0.26469591
-0.0112076 0.26390824 -0.26400495
-0.0094299298 0.26321754 -0.26331398
-0.0076599098 0.26252753 -0.26262373
-0.0058937101 0.26183686 -0.2619327
-0.0041427598 0.26114684 -0.26124242
-0.0023994399 0.26045612 -0.26055145
-0.00066566502 0.25976613 -0.2598612
0.00106144 0.25976613 -0.2598612
0.0027809101 0.25890288 -0.25899771
0.00450134 0.25890288 -0.25899771
0.0062103299 0.25821215 -0.25830671
0.00792694 0.25821215 -0.25830671
0.00964355 0.25821215 -0.25830671
0.0113297 0.25752214 -0.25761646
0.0130463 0.25752214 -0.25761646
0.0147552 0.25752214 -0.25761646
0.01651 0.25821215 -0.25830671
0.018234299 0.25821215 -0.25830671
0.0199432 0.25821215 -0.25830671
0.021728501 0.25890282 -0.25899774
0.0234528 0.25890282 -0.25899774
0.025238 0.25976607 -0.25986123
0.0269775 0.25976607 -0.25986123
0.0287781 0.26045609 -0.26055151
0.0305939 0.26114681 -0.26124248
0.032409701 0.2618368 -0.26193273
0.0342407 0.26252753 -0.26262373
0.036102299 0.26321754 -0.26331398
0.037933301 0.26390824 -0.26400495
0.0397949 0.26459897 -0.26469591
0.041687001 0.26528898 -0.26538616
0.043426499 0.26528898 -0.26538616
-0.022155801 0.26764861 -0.27027723
-0.0203094 0.26696253 -0.26958305
-0.018478399 0.26627505 -0.26888883
-0.0166473 0.26558757 -0.26819459
-0.0148392 0.2649008 -0.26750109
-0.0130005 0.26335403 -0.26594085
-0.0112076 0.26266655 -0.26524663
-0.0094299298 0.26197979 -0.26455176
-0.0076599098 0.26129302 -0.26385823
-0.0058937101 0.26060554 -0.26316401
-0.0041427598 0.25991878 -0.26247051
-0.0023994399 0.2592313 -0.26177627
-0.00066566502 0.25854453 -0.2610828
0.00106144 0.25854453 -0.2610828
0.0027809101 0.25768453 -0.26021603
0.0044899001 0.25699773 -0.25952113
0.0062103299 0.25699773 -0.25952113
0.00792694 0.25699773 -0.25952113
0.0096206702 0.25631097 -0.25882763
0.0113297 0.25631097 -0.25882763
0.0130463 0.25631097 -0.25882763
0.0147552 0.25631097 -0.25882763
0.0164642 0.25631097 -0.25882763
0.018188501 0.25631097 -0.25882763
0.0199432 0.25699773 -0.25952113
0.021667499 0.25699773 -0.25952113
0.0234528 0.25768453 -0.26021603
0.025177 0.25768453 -0.26021603
0.0269775 0.25854453 -0.2610828
0.0287781 0.2592313 -0.26177627
0.0305939 0.25991878 -0.26247051
0.032409701 0.26060554 -0.26316401
0.0342407 0.26129302 -0.26385823
0.036102299 0.26197979 -0.26455176
0.037933301 0.26266655 -0.26524663
0.0397949 0.26335403 -0.26594085
0.041687001 0.2640408 -0.26663435
0.043426499 0.2640408 -0.26663435
0.0451965 0.2640408 -0.26663435
-0.022155801 0.26638421 -0.27154163
-0.0203094 0.26570082 -0.27084476
-0.018478399 0.2650167 -0.27014717
-0.0166473 0.26433259 -0.26944956
-0.0148392 0.26364923 -0.26875269
-0.0130005 0.26210919 -0.26718569
-0.0112076 0.26142508 -0.26648811
-0.0094299298 0.260741 -0.26579052
-0.0076370202 0.25937349 -0.26439604
-0.0058784499 0.25869009 -0.26369917
-0.0041313199 0.25800735 -0.26300022
-0.0023994399 0.25800735 -0.26300022
-0.00066566502 0.25732395 -0.26230335
0.00105858 0.25646731 -0.26143324
0.0027809101 0.25646731 -0.26143324
0.0044899001 0.25578323 -0.26073563
0.0062103299 0.25578323 -0.26073563
0.0079040499 0.25509983 -0.26003876
0.0096206702 0.25509983 -0.26003876
0.0113297 0.25509983 -0.26003876
0.0130463 0.25509983 -0.26003876
0.0147552 0.25509983 -0.26003876
0.0164642 0.25509983 -0.26003876
0.018188501 0.25509983 -0.26003876
0.0199432 0.25578323 -0.26073563
0.021667499 0.25578323 -0.26073563
0.023391699 0.25578323 -0.26073563
0.025177 0.25646731 -0.26143324
0.0269775 0.25732395 -0.26230335
0.0287781 0.25800735 -0.26300022
0.0305939 0.25869009 -0.26369917
0.032409701 0.25937349 -0.26439604
0.0342407 0.2600576 -0.26509365
0.036102299 0.260741 -0.26579052
0.037933301 0.26142508 -0.26648811
0.0397949 0.26210919 -0.26718569
0.0415649 0.26210919 -0.26718569
0.043426499 0.26279259 -0.26788256
0.0451965 0.26279259 -0.26788256
0.047088601 0.26364923 -0.26875269
-0.022216801 0.26579919 -0.27350834
-0.0203552 0.26511914 -0.2728067
-0.0185242 0.26443979 -0.27210578
-0.0166473 0.26307964 -0.27070251
-0.0148392 0.26239762 -0.27000427
-0.0130386 0.26154503 -0.26913011
-0.0112076 0.26018563 -0.26772755
-0.0094299298 0.25950289 -0.26702863
-0.0076370202 0.25814348 -0.26562607
-0.0058784499 0.25746414 -0.26492515
-0.0041313199 0.25678137 -0.2642262
-0.00239372 0.25610206 -0.26352528
-0.00066566502 0.25610206 -0.26352528
0.00105858 0.25524944 -0.26265112
0.0027809101 0.25524944 -0.26265112
0.0044899001 0.25456938 -0.26194948
0.0062103299 0.25456938 -0.26194948
0.0079040499 0.25388736 -0.26125124
0.0096206702 0.25388736 -0.26125124
0.0113297 0.25388736 -0.26125124
0.0130463 0.25388736 -0.26125124
0.0147552 0.25388736 -0.26125124
0.0164642 0.25388736 -0.26125124
0.018188501 0.25388736 -0.26125124
0.0198975 0.25388736 -0.26125124
0.021667499 0.25456938 -0.26194948
0.023391699 0.25456938 -0.26194948
0.025177 0.25524944 -0.26265112
0.0269775 0.25610206 -0.26352528
0.028701801 0.25610206 -0.26352528
0.030502301 0.25678137 -0.2642262
0.0323181 0.25746414 -0.26492515
0.0342407 0.25882354 -0.26632771
0.036102299 0.25950289 -0.26702863
0.037933301 0.26018563 -0.26772755
0.039703399 0.26018563 -0.26772755
0.0415649 0.26086569 -0.26842919
0.043426499 0.26154503 -0.26913011
0.0451965 0.26154503 -0.26913011
0.047088601 0.26239762 -0.27000427
-0.022216801 0.2645314 -0.27477613
-0.0203552 0.26385403 -0.27407178
-0.0185242 0.26317739 -0.27336818
-0.0166931 0.26250005 -0.27266383
-0.0148392 0.26114604 -0.27125588
-0.0130386 0.26029614 -0.27037901
-0.0112076 0.25894213 -0.26897106
-0.0094299298 0.25826478 -0.26826674
-0.0076370202 0.25691077 -0.26685879
-0.0058784499 0.25623411 -0.26615515
-0.0041313199 0.25555676 -0.26545081
-0.00239372 0.25488013 -0.2647472
-0.00066566502 0.25488013 -0.2647472
0.00105858 0.25403023 -0.26387033
0.00277328 0.25335288 -0.26316601
0.0044899001 0.25335288 -0.26316601
0.0061912499 0.25267622 -0.26246238
0.0079040499 0.25267622 -0.26246238
0.0096206702 0.25267622 -0.26246238
0.0112991 0.25199887 -0.26175806
0.0130081 0.25199887 -0.26175806
0.0147171 0.25199887 -0.26175806
0.0164642 0.25267622 -0.26246238
0.018188501 0.25267622 -0.26246238
0.0198975 0.25267622 -0.26246238
0.021667499 0.25335288 -0.26316601
0.023391699 0.25335288 -0.26316601
0.025177 0.25403023 -0.26387033
0.0269012 0.25403023 -0.26387033
0.028701801 0.25488013 -0.2647472
0.030502301 0.25555676 -0.26545081
0.0323181 0.25623411 -0.26615515
0.0341492 0.25691077 -0.26685879
0.035980199 0.25758812 -0.2675631
0.037841801 0.25826478 -0.26826674
0.039703399 0.25894213 -0.26897106
0.0415649 0.25961947 -0.2696754
0.043426499 0.26029614 -0.27037901
0.0451965 0.26029614 -0.27037901
0.046966601 0.26029614 -0.27037901
-0.022216801 0.26326632 -0.27604121
-0.020416301 0.26326632 -0.27604121
-0.0185699 0.26259166 -0.27533418
-0.0166931 0.26124305 -0.27392083
-0.0148773 0.26056838 -0.27321377
-0.0130386 0.25904724 -0.2716279
-0.0112381 0.25837868 -0.27091619
-0.0094299298 0.25702938 -0.26950213
-0.0076370202 0.25568077 -0.26808879
-0.0058784499 0.25500679 -0.26738247
-0.0041313199 0.25433213 -0.26667544
-0.00239372 0.25365821 -0.26596913
-0.00066423399 0.25281641 -0.26508418
0.00105858 0.25281641 -0.26508418
0.00277328 0.25214174 -0.26437712
0.0044899001 0.25214174 -0.26437712
0.0061912499 0.25146776 -0.2636708
0.0079040499 0.25146776 -0.2636708
0.0096206702 0.25146776 -0.2636708
0.0112991 0.25079313 -0.2629638
0.0130081 0.25079313 -0.2629638
0.0147171 0.25079313 -0.2629638
0.0164185 0.25079313 -0.2629638
0.018188501 0.25146776 -0.2636708
0.0198975 0.25146776 -0.2636708
0.021606401 0.25146776 -0.2636708
0.023391699 0.25214174 -0.26437712
0.025177 0.25281641 -0.26508418
0.0269012 0.25281641 -0.26508418
0.028701801 0.25365821 -0.26596913
0.030502301 0.25433213 -0.26667544
0.0323181 0.25500679 -0.26738247
0.0341492 0.25568077 -0.26808879
0.035980199 0.25635543 -0.26879582
0.037841801 0.25702938 -0.26950213
0.039703399 0.25770402 -0.27020916
0.0415649 0.25837868 -0.27091619
0.043334998 0.25837868 -0.27091619
0.0451965 0.25904724 -0.2716279
-0.020416301 0.26199856 -0.27730897
-0.0185699 0.2613239 -0.27660194
-0.016738901 0.26065534 -0.27589023
-0.0148773 0.25931677 -0.27446541
-0.0130692 0.25864282 -0.27375907
-0.0112381 0.25713253 -0.27216235
-0.0094299298 0.25578859 -0.27074292
-0.0076599098 0.25512004 -0.27003121
-0.0058784499 0.25377682 -0.26861247
-0.0041313199 0.25310752 -0.26790005
-0.00239372 0.25243896 -0.26718837
-0.00066423399 0.25159714 -0.26630342
0.00105858 0.25159714 -0.26630342
0.00277328 0.2509225 -0.26559636
0.0044899001 0.2509225 -0.26559636
0.0061912499 0.25025392 -0.26488468
0.0079040499 0.25025392 -0.26488468
0.0096206702 0.25025392 -0.26488468
0.0112991 0.24958473 -0.2641722
0.0130081 0.24958473 -0.2641722
0.0147171 0.24958473 -0.2641722
0.0164185 0.24958473 -0.2641722
0.018188501 0.25025392 -0.26488468
0.0198975 0.25025392 -0.26488468
0.021606401 0.25025392 -0.26488468
0.023391699 0.2509225 -0.26559636
0.025100701 0.2509225 -0.26559636
0.0269012 0.25159714 -0.26630342
0.028701801 0.25243896 -0.26718837
0.030502301 0.25310752 -0.26790005
0.0323181 0.25377682 -0.26861247
0.0341492 0.25445074 -0.26931879
0.035980199 0.25512004 -0.27003121
0.037841801 0.25578859 -0.27074292
0.039703399 0.25646323 -0.27144995
0.0415649 0.25713253 -0.27216235
0.043334998 0.25713253 -0.27216235
0.0451965 0.25780103 -0.27287412
-0.020477301 0.2613939 -0.27929389
-0.0186157 0.26072541 -0.27858213
-0.016738901 0.25939295 -0.27715263
-0.0149231 0.2587291 -0.27643478
-0.0130692 0.25739124 -0.27501065
-0.0112381 0.25588632 -0.27340856
-0.0094528198 0.25521705 -0.27269614
-0.0076599098 0.25388458 -0.27126667
-0.0058937101 0.25321537 -0.27055418
-0.0041313199 0.25188288 -0.26912469
-0.00239372 0.25121433 -0.26841301
-0.00066566502 0.25121433 -0.26841301
0.00105858 0.25037795 -0.2675226
0.00277328 0.24970867 -0.26681018
0.0044899001 0.24970867 -0.26681018
0.0061912499 0.24904555 -0.26609305
0.0079040499 0.24904555 -0.26609305
0.0096206702 0.24904555 -0.26609305
0.0113297 0.24904555 -0.26609305
0.0130081 0.24837628 -0.26538065
0.0147171 0.24837628 -0.26538065
0.0164642 0.24904555 -0.26609305
0.018188501 0.24904555 -0.26609305
0.0198975 0.24904555 -0.26609305
0.021606401 0.24904555 -0.26609305
0.023391699 0.24970867 -0.26681018
0.025177 0.25037795 -0.2675226
0.0269012 0.25037795 -0.2675226
0.028701801 0.25121433 -0.26841301
0.030502301 0.25188288 -0.26912469
0.0323181 0.25255218 -0.26983711
0.0341492 0.25321537 -0.27055418
0.035980199 0.25388458 -0.27126667
0.037841801 0.25455314 -0.27197838
0.039703399 0.25521705 -0.27269614
0.0415649 0.25588632 -0.27340856
0.043334998 0.25588632 -0.27340856
0.0451965 0.25655481 -0.27412033
-0.022384601 0.26144779 -0.28200194
-0.020477301 0.26012075 -0.28056705
-0.0186157 0.25945756 -0.27984995
-0.016738901 0.25813055 -0.27841502
-0.0149231 0.2574667 -0.27769718
-0.0130692 0.25613967 -0.27626222
-0.0112686 0.25530323 -0.27537191
-0.0094528198 0.2539762 -0.27393699
-0.0076599098 0.25264919 -0.27250206
-0.0058937101 0.25198534 -0.27178419
-0.0041427598 0.25132215 -0.27106711
-0.0023994399 0.2506583 -0.27034926
-0.00066566502 0.24999513 -0.26963219
0.00105858 0.2491587 -0.26874188
0.0027809101 0.2491587 -0.26874188
0.0044899001 0.24849485 -0.268024
0.0062103299 0.24849485 -0.268024
0.0079040499 0.24783166 -0.26730692
0.0096206702 0.24783166 -0.26730692
0.0113297 0.24783166 -0.26730692
0.0130463 0.24783166 -0.26730692
0.0147552 0.24783166 -0.26730692
0.0164642 0.24783166 -0.26730692
0.018188501 0.24783166 -0.26730692
0.0198975 0.24783166 -0.26730692
0.021667499 0.24849485 -0.268024
0.023391699 0.24849485 -0.268024
0.025177 0.2491587 -0.26874188
0.0269775 0.24999513 -0.26963219
0.028701801 0.24999513 -0.26963219
0.030502301 0.2506583 -0.27034926
0.0323181 0.25132215 -0.27106711
0.0341492 0.25198534 -0.27178419
0.035980199 0.25264919 -0.27250206
0.037841801 0.25331238 -0.27321914
0.039703399 0.2539762 -0.27393699
0.0415649 0.2546401 -0.27465478
0.043426499 0.25530323 -0.27537191
0.0451965 0.25530323 -0.27537191
-0.022384601 0.26016918 -0.28328055
-0.020477301 0.25885299 -0.28183481
-0.0186157 0.25819525 -0.28111228
-0.0167847 0.25753671 -0.28038913
-0.0149231 0.25620967 -0.27895418
-0.0131073 0.25555122 -0.27823097
-0.0112686 0.25406247 -0.27661267
-0.0094528198 0.25273544 -0.27517775
-0.0076789898 0.25207692 -0.27445459
-0.0059127798 0.25141919 -0.27373207
-0.0041427598 0.25009215 -0.27229714
-0.0023994399 0.24943368 -0.2715739
-0.00066566502 0.24877593 -0.27085137
0.00106144 0.24877593 -0.27085137
0.0027809101 0.2479395 -0.26996106
0.0044899001 0.24728103 -0.26923782
0.0062103299 0.24728103 -0.26923782
0.00792694 0.24728103 -0.26923782
0.0096206702 0.24661784 -0.26852074
0.0113297 0.24661784 -0.26852074
0.0130463 0.24661784 -0.26852074
0.0147552 0.24661784 -0.26852074
0.0164642 0.24661784 -0.26852074
0.018188501 0.24661784 -0.26852074
0.0199432 0.24728103 -0.26923782
0.021667499 0.24728103 -0.26923782
0.0234528 0.2479395 -0.26996106
0.025177 0.2479395 -0.26996106
0.0269775 0.24877593 -0.27085137
0.0287781 0.24943368 -0.2715739
0.0305939 0.25009215 -0.27229714
0.032409701 0.2507607 -0.27300882
0.0342407 0.25141919 -0.27373207
0.036102299 0.25207692 -0.27445459
0.037933301 0.25273544 -0.27517775
0.0397949 0.25339392 -0.27590096
0.0415649 0.25339392 -0.27590096
0.043426499 0.25406247 -0.27661267
0.0451965 0.25406247 -0.27661267
-0.020477301 0.25757983 -0.28310797
-0.0186157 0.25692204 -0.2823855
-0.0167847 0.25626355 -0.28166226
-0.0149231 0.25495809 -0.28020576
-0.0131073 0.25429964 -0.27948254
-0.0112991 0.25364187 -0.27876002
-0.0094757099 0.25215307 -0.27714181
-0.00769806 0.25149462 -0.27641857
-0.0059127798 0.25017843 -0.27497283
-0.00415421 0.24951988 -0.27424967
-0.0024051699 0.24887295 -0.27351633
-0.00066757202 0.24821441 -0.27279317
0.00106144 0.24755667 -0.27207065
0.0027809101 0.24672568 -0.27117488
0.00450134 0.24672568 -0.27117488
0.0062103299 0.24606721 -0.27045164
0.00792694 0.24606721 -0.27045164
0.00964355 0.24606721 -0.27045164
0.0113602 0.24606721 -0.27045164
0.0130768 0.24606721 -0.27045164
0.014801 0.24606721 -0.27045164
0.01651 0.24606721 -0.27045164
0.018234299 0.24606721 -0.27045164
0.0199432 0.24606721 -0.27045164
0.021728501 0.24672568 -0.27117488
0.0234528 0.24672568 -0.27117488
0.025238 0.24755667 -0.27207065
0.0270386 0.24821441 -0.27279317
0.0287781 0.24821441 -0.27279317
0.0305939 0.24887295 -0.27351633
0.032409701 0.24951988 -0.27424967
0.0342407 0.25017843 -0.27497283
0.036102299 0.25083616 -0.27569535
0.037933301 0.25149462 -0.27641857
0.0397949 0.25215307 -0.27714181
0.041687001 0.25281081 -0.27786431
0.043426499 0.25281081 -0.27786431
0.0453186 0.25364187 -0.27876002
-0.0167847 0.25500116 -0.28292465
-0.0149612 0.25435424 -0.28219134
-0.0131378 0.2536957 -0.28146818
-0.0112991 0.25239024 -0.28001165
-0.0095062302 0.25155923 -0.27911589
-0.00769806 0.25025377 -0.27765939
-0.00592804 0.24959533 -0.27693617
-0.0041656499 0.24894834 -0.27620292
-0.0024128 0.24828987 -0.27547967
-0.00066947902 0.24764293 -0.27474633
0.0010643 0.24698441 -0.27402318
0.00278854 0.24633747 -0.27328983
0.0045166002 0.24633747 -0.27328983
0.0062255901 0.24550642 -0.27239415
0.00794983 0.24550642 -0.27239415
0.00964355 0.24484795 -0.27167091
0.0113602 0.24484795 -0.27167091
0.0130768 0.24484795 -0.27167091
0.014801 0.24484795 -0.27167091
0.01651 0.24484795 -0.27167091
0.018279999 0.24550642 -0.27239415
0.0200043 0.24550642 -0.27239415
0.021728501 0.24550642 -0.27239415
0.0235138 0.24633747 -0.27328983
0.025314299 0.24698441 -0.27402318
0.0270386 0.24698441 -0.27402318
0.0288544 0.24764293 -0.27474633
0.0306702 0.24828987 -0.27547967
0.032501198 0.24894834 -0.27620292
0.034332301 0.24959533 -0.27693617
0.036193799 0.25025377 -0.27765939
0.038055401 0.25091231 -0.27838257
0.0397949 0.25091231 -0.27838257
0.041687001 0.25155923 -0.27911589
0.043426499 0.25155923 -0.27911589
0.0453186 0.25239024 -0.28001165
-0.0167847 0.25373876 -0.28418708
-0.0149612 0.25309184 -0.28345373
-0.0131378 0.25243336 -0.28273049
-0.0113297 0.25178567 -0.28199652
-0.0095062302 0.25031847 -0.28035665
-0.0077209501 0.24966067 -0.27963421
-0.0059433002 0.24901302 -0.27890015
-0.0041770898 0.24836533 -0.2781662
-0.0024128 0.24705985 -0.27670971
-0.00066947902 0.24641292 -0.27597636
0.00106716 0.24641292 -0.27597636
0.0027961701 0.24576521 -0.27524236
0.0045166002 0.24510746 -0.27451986
0.0062446599 0.24510746 -0.27451986
0.00794983 0.24428722 -0.27361333
0.0096664401 0.24428722 -0.27361333
0.0113907 0.24428722 -0.27361333
0.0131149 0.24428722 -0.27361333
0.0148392 0.24428722 -0.27361333
0.016555799 0.24428722 -0.27361333
0.0183258 0.24510746 -0.27451986
0.0200653 0.24510746 -0.27451986
0.021789599 0.24510746 -0.27451986
0.023574799 0.24576521 -0.27524236
0.025314299 0.24576521 -0.27524236
0.0271149 0.24641292 -0.27597636
0.028930699 0.24705985 -0.27670971
0.0307617 0.24770758 -0.27744368
0.0325928 0.24836533 -0.2781662
0.034332301 0.24836533 -0.2781662
0.036193799 0.24901302 -0.27890015
0.038055401 0.24966067 -0.27963421
0.039917 0.25031847 -0.28035665
0.041687001 0.25031847 -0.28035665
0.043548599 0.25113866 -0.28126323
-0.0167847 0.25247642 -0.28544939
-0.0149994 0.25247642 -0.28544939
-0.013176 0.25182945 -0.28471613
-0.0113297 0.25053409 -0.2832481
-0.00952911 0.24988708 -0.28251481
-0.0077400198 0.24906683 -0.28160831
-0.0059585599 0.24841991 -0.28087497
-0.0041770898 0.24712457 -0.27940696
-0.0024185199 0.24647756 -0.27867368
-0.00067138701 0.24582985 -0.27793971
0.00107002 0.24582985 -0.27793971
0.0028037999 0.24518292 -0.27720636
0.0045280498 0.24453519 -0.27647239
0.0062599201 0.24453519 -0.27647239
0.0079650898 0.2438882 -0.27573913
0.0096969604 0.2438882 -0.27573913
0.0114212 0.2438882 -0.27573913
0.0131531 0.2438882 -0.27573913
0.0148773 0.2438882 -0.27573913
0.0166016 0.2438882 -0.27573913
0.0183258 0.2438882 -0.27573913
0.020111101 0.24453519 -0.27647239
0.021850601 0.24453519 -0.27647239
0.0236359 0.24518292 -0.27720636
0.0253754 0.24518292 -0.27720636
0.027191199 0.24582985 -0.27793971
0.029007001 0.24647756 -0.27867368
0.0307617 0.24647756 -0.27867368
0.0325928 0.24712457 -0.27940696
0.034423798 0.24777219 -0.280141
0.036193799 0.24777219 -0.280141
0.038055401 0.24841991 -0.28087497
0.039917 0.24906683 -0.28160831
-0.0168304 0.25185093 -0.2874566
-0.0149994 0.25120321 -0.2867226
-0.013176 0.25056705 -0.28597853
-0.0113602 0.2499194 -0.28524446
-0.0095520001 0.24927168 -0.28451049
-0.0077629099 0.2486355 -0.28376639
-0.0059738201 0.24781525 -0.28285989
-0.0041885399 0.24653143 -0.28138176
-0.00242615 0.24588373 -0.28064778
-0.00067329401 0.24524754 -0.27990371
0.00107288 0.24524754 -0.27990371
0.00281143 0.24459983 -0.27916971
0.0045394902 0.2439529 -0.27843636
0.0062751798 0.2439529 -0.27843636
0.0079879798 0.24331594 -0.27769163
0.0097198496 0.24331594 -0.27769163
0.0114517 0.24331594 -0.27769163
0.0131912 0.24331594 -0.27769163
0.0149231 0.24331594 -0.27769163
0.0166473 0.24331594 -0.27769163
0.0183868 0.24331594 -0.27769163
0.020172101 0.2439529 -0.27843636
0.021911601 0.2439529 -0.27843636
0.023712199 0.24459983 -0.27916971
0.025451699 0.24459983 -0.27916971
0.027267501 0.24524754 -0.27990371
0.0290833 0.24588373 -0.28064778
0.030838 0.24588373 -0.28064778
0.0326843 0.24653143 -0.28138176
0.034423798 0.24653143 -0.28138176
0.0362854 0.24716833 -0.28212655
0.038055401 0.24716833 -0.28212655
0.039917 0.24781525 -0.28285989
-0.0168304 0.25058854 -0.288719
-0.0149994 0.24994089 -0.28798494
-0.013176 0.24930465 -0.28724092
-0.0113602 0.248657 -0.28650686
-0.0095520001 0.2480201 -0.28576207
-0.0077629099 0.24738392 -0.28501797
-0.0059738201 0.24656367 -0.28411147
-0.0041999798 0.2459275 -0.2833674
-0.00243187 0.24529059 -0.28262258
-0.00067663199 0.24529059 -0.28262258
0.00107574 0.2446429 -0.28188863
0.0028190601 0.24400672 -0.28114453
0.0045509301 0.24336982 -0.28039974
0.00629425 0.24336982 -0.28039974
0.0080108596 0.24272288 -0.27966639
0.0097503699 0.24272288 -0.27966639
0.0114899 0.24272288 -0.27966639
0.0132217 0.24272288 -0.27966639
0.0149612 0.24272288 -0.27966639
0.0166931 0.24272288 -0.27966639
0.018478399 0.24336982 -0.28039974
0.020217899 0.24336982 -0.28039974
0.021972699 0.24336982 -0.28039974
0.023773201 0.24400672 -0.28114453
0.025589 0.2446429 -0.28188863
0.0273438 0.2446429 -0.28188863
0.0290833 0.2446429 -0.28188863
0.030929601 0.24529059 -0.28262258
0.0326843 0.24529059 -0.28262258
0.034423798 0.24529059 -0.28262258
0.0362854 0.2459275 -0.2833674
0.038055401 0.2459275 -0.2833674
0.039917 0.24656367 -0.28411147
-0.0150375 0.2493154 -0.28999212
-0.0132065 0.24867849 -0.28924733
-0.0113907 0.24804232 -0.28850326
-0.0095825205 0.24740542 -0.28775844
-0.0077819801 0.24676852 -0.28701365
-0.0059928899 0.24613234 -0.28626955
-0.00421143 0.24532284 -0.28535229
-0.0024395001 0.24468666 -0.28460822
-0.00067853899 0.24468666 -0.28460822
0.00107861 0.24404977 -0.28386343
0.00282669 0.2434129 -0.28311864
0.00457764 0.2434129 -0.28311864
0.0063095102 0.24277671 -0.28237453
0.0080566397 0.24277671 -0.28237453
0.0097732497 0.2421398 -0.28162974
0.0115204 0.2421398 -0.28162974
0.0132599 0.2421398 -0.28162974
0.0149994 0.2421398 -0.28162974
0.016738901 0.2421398 -0.28162974
0.018539401 0.24277671 -0.28237453
0.020278901 0.24277671 -0.28237453
0.022079499 0.2434129 -0.28311864
0.023834201 0.2434129 -0.28311864
0.02565 0.24404977 -0.28386343
0.0274048 0.24404977 -0.28386343
0.029174799 0.24404977 -0.28386343
0.0310059 0.24468666 -0.28460822
0.032775901 0.24468666 -0.28460822
0.034515399 0.24468666 -0.28460822
-0.0150375 0.24804218 -0.29126534
-0.0132065 0.24741609 -0.29050973
-0.0113907 0.24677992 -0.28976566
-0.0095825205 0.24614303 -0.28902084
-0.0077819801 0.24550612 -0.28827605
-0.0059928899 0.24488069 -0.28752121
-0.0042228699 0.24488069 -0.28752121
-0.00244522 0.24407126 -0.28660387
-0.00068044697 0.24407126 -0.28660387
0.0010814701 0.24343508 -0.28585979
0.0028419499 0.24343508 -0.28585979
0.0045890799 0.24280901 -0.28510419
0.00632858 0.24217214 -0.2843594
0.0080795297 0.24217214 -0.2843594
0.0098266602 0.24217214 -0.2843594
0.0115509 0.24153595 -0.28361529
0.013298 0.24153595 -0.28361529
0.0150452 0.24153595 -0.28361529
0.0168304 0.24217214 -0.2843594
0.018585199 0.24217214 -0.2843594
0.020339999 0.24217214 -0.2843594
0.022140499 0.24280901 -0.28510419
0.023895301 0.24280901 -0.28510419
0.02565 0.24280901 -0.28510419
0.0274811 0.24343508 -0.28585979
0.0292511 0.24343508 -0.28585979
0.0310059 0.24343508 -0.28585979
0.032775901 0.24343508 -0.28585979
-0.0113907 0.24552834 -0.29101723
-0.0095825205 0.24490219 -0.29026169
-0.0077819801 0.24425454 -0.28952762
-0.0060081501 0.24425454 -0.28952762
-0.0042228699 0.24362911 -0.28877279
-0.00245094 0.24362911 -0.28877279
-0.00068235397 0.24362911 -0.28877279
0.00108433 0.2428305 -0.28784463
0.00284958 0.2428305 -0.28784463
0.0046005198 0.24220507 -0.28708979
0.0063629202 0.24220507 -0.28708979
0.0081024198 0.24155742 -0.28635576
0.0098571796 0.24155742 -0.28635576
0.0116119 0.24155742 -0.28635576
0.0133667 0.24155742 -0.28635576
0.0151215 0.24155742 -0.28635576
0.0168762 0.24155742 -0.28635576
0.018631 0.24155742 -0.28635576
0.020385699 0.24155742 -0.28635576
0.022140499 0.24155742 -0.28635576
0.0239716 0.24220507 -0.28708979
0.0257263 0.24220507 -0.28708979
0.0274811 0.24220507 -0.28708979
0.0293274 0.2428305 -0.28784463
0.0310059 0.24220507 -0.28708979
0.032836899 0.2428305 -0.28784463
-0.0042305002 0.24300289 -0.29077926
-0.00245094 0.24237753 -0.29002437
-0.00068235397 0.24237753 -0.29002437
0.00108719 0.24237753 -0.29002437
0.0028572101 0.24237753 -0.29002437
0.00461578 0.24157885 -0.2890963
0.0063781701 0.24157885 -0.2890963
0.0081176804 0.24095349 -0.28834137
0.0098800696 0.24095349 -0.28834137
0.0116425 0.24095349 -0.28834137
0.0134048 0.24095349 -0.28834137
0.0151215 0.24032742 -0.28758577
0.0168762 0.24032742 -0.28758577
0.018676801 0.24095349 -0.28834137
0.0204468 0.24095349 -0.28834137
0.022201501 0.24095349 -0.28834137
0.0239716 0.24095349 -0.28834137
0.0257874 0.24157885 -0.2890963
0.027557399 0.24157885 -0.2890963
0.0293274 0.24157885 -0.2890963
-0.0042305002 0.24175131 -0.29203084
-0.0024585701 0.24175131 -0.29203084
-0.00068426097 0.24175131 -0.29203084
0.00109005 0.24175131 -0.29203084
0.0028572101 0.24112596 -0.29127595
0.0046272301 0.24112596 -0.29127595
0.0063781701 0.24032727 -0.29034787
0.0081405602 0.24032727 -0.29034787
0.0099105798 0.24032727 -0.29034787
0.0116425 0.23970191 -0.28959298
0.0134048 0.23970191 -0.28959298
0.0151672 0.23970191 -0.28959298
0.016922001 0.23970191 -0.28959298
0.018676801 0.23970191 -0.28959298
0.0204468 0.23970191 -0.28959298
0.022201501 0.23970191 -0.28959298
0.0240326 0.24032727 -0.29034787
0.0257874 0.24032727 -0.29034787
0.027557399 0.24032727 -0.29034787
-0.00068426097 0.24049973 -0.29328242
0.00109005 0.24049973 -0.29328242
0.00286484 0.24049973 -0.29328242
0.0046272301 0.23987438 -0.29252753
0.0063972501 0.23987438 -0.29252753
0.0081405602 0.23907569 -0.29159945
0.0099105798 0.23907569 -0.29159945
0.011673 0.23907569 -0.29159945
0.013443 0.23907569 -0.29159945
0.0151672 0.23847191 -0.29082298
0.016922001 0.23847191 -0.29082298
0.018676801 0.23847191 -0.29082298
