-0.028625499 0.0028953601 -0.38134801
-0.0285492 0.0046768198 -0.380371
-0.0285492 0.00646591 -0.380371
-0.0285492 0.0082550002 -0.380371
-0.0284729 0.0100174 -0.37939501
-0.0284729 0.0118027 -0.37939501
-0.0284729 0.0135803 -0.37939501
-0.026825 -0.000691414 -0.38134801
-0.026825 0.00110149 -0.38134801
-0.026763899 0.00288773 -0.380371
-0.026763899 0.0046768198 -0.380371
-0.0266876 0.0064468398 -0.37939501
-0.0266876 0.0082321204 -0.37939501
-0.0266876 0.0100174 -0.37939501
-0.0266113 0.0117645 -0.378418
-0.0266113 0.0135498 -0.378418
-0.0266113 0.0153275 -0.378418
-0.0266113 0.017105101 -0.378418
-0.0266113 0.0188751 -0.378418
-0.0266113 0.0206604 -0.378418
-0.025039701 -0.0042762798 -0.38134801
-0.025039701 -0.0024852799 -0.38134801
-0.024963399 -0.000689507 -0.380371
-0.024963399 0.00109863 -0.380371
-0.024963399 0.00288773 -0.380371
-0.024902301 0.0046615601 -0.37939501
-0.024902301 0.0064468398 -0.37939501
-0.024841299 0.0082092304 -0.378418
-0.024841299 0.0099868802 -0.378418
-0.024841299 0.0117645 -0.378418
-0.024765 0.0135117 -0.37744099
-0.024765 0.0152893 -0.37744099
-0.024765 0.0170593 -0.37744099
-0.024765 0.018829299 -0.37744099
-0.024765 0.0206146 -0.37744099
-0.024765 0.022384601 -0.37744099
-0.024841299 0.0242157 -0.378418
-0.024902301 0.0260773 -0.37939501
-0.0232391 -0.0078659104 -0.38134801
-0.0232391 -0.0060729999 -0.38134801
-0.0232391 -0.0042762798 -0.38134801
-0.023178101 -0.0024776501 -0.380371
-0.023178101 -0.000689507 -0.380371
-0.023117101 0.00109577 -0.37939501
-0.023117101 0.0028800999 -0.37939501
-0.023056 0.0046501202 -0.378418
-0.023056 0.0064315801 -0.378418
-0.023056 0.0082092304 -0.378418
-0.022995001 0.0099639902 -0.37744099
-0.022995001 0.011734 -0.37744099
-0.022995001 0.0135117 -0.37744099
-0.022933999 0.0152435 -0.37646499
-0.022933999 0.0170135 -0.37646499
-0.022933999 0.018783599 -0.37646499
-0.022995001 0.0206146 -0.37744099
-0.022995001 0.022384601 -0.37744099
-0.022995001 0.0241547 -0.37744099
-0.023056 0.026001001 -0.378418
-0.023056 0.0277863 -0.378418
-0.023117101 0.0296326 -0.37939501
-0.023117101 0.031402599 -0.37939501
-0.0214539 -0.0096588098 -0.38134801
-0.0214539 -0.0078659104 -0.38134801
-0.0213928 -0.0060539199 -0.380371
-0.0213928 -0.0042648301 -0.380371
-0.0213928 -0.0024776501 -0.380371
-0.0213318 -0.00068759901 -0.37939501
-0.0213318 0.00109577 -0.37939501
-0.021286 0.0028724701 -0.378418
-0.021225 0.00463867 -0.37744099
-0.021225 0.0064125098 -0.37744099
-0.021163899 0.0081634503 -0.37646499
-0.021163899 0.0099334698 -0.37646499
-0.021163899 0.0117035 -0.37646499
-0.0211029 0.013443 -0.37524399
-0.0211029 0.0152054 -0.37524399
-0.0211029 0.0169678 -0.37524399
-0.021163899 0.018783599 -0.37646499
-0.021163899 0.0205536 -0.37646499
-0.021163899 0.022323599 -0.37646499
-0.021225 0.0241547 -0.37744099
-0.021225 0.025924699 -0.37744099
-0.021286 0.0277863 -0.378418
-0.021286 0.0295563 -0.378418
-0.0213318 0.031402599 -0.37939501
-0.0213318 0.033203099 -0.37939501
-0.0213928 0.035064701 -0.380371
-0.0196533 -0.0096588098 -0.38134801
-0.019607499 -0.0078430204 -0.380371
-0.019607499 -0.0060539199 -0.380371
-0.019546499 -0.0042533898 -0.37939501
-0.019546499 -0.0024719201 -0.37939501
-0.019500701 -0.00068616902 -0.378418
-0.019455001 0.00109005 -0.37744099
-0.019455001 0.00286484 -0.37744099
-0.0193939 0.0046272301 -0.37646499
-0.0193939 0.0063972501 -0.37646499
-0.0193481 0.0081405602 -0.37524399
-0.0193481 0.0099105798 -0.37524399
-0.0192871 0.0116425 -0.374268
-0.0192871 0.0134048 -0.374268
-0.0192871 0.0151672 -0.374268
-0.0192871 0.016922001 -0.374268
-0.0193481 0.0187378 -0.37524399
-0.0193481 0.0204926 -0.37524399
-0.0193481 0.022262599 -0.37524399
-0.0193939 0.0240936 -0.37646499
-0.0193939 0.025863601 -0.37646499
-0.019455001 0.02771 -0.37744099
-0.019455001 0.029479999 -0.37744099
-0.019500701 0.031341601 -0.378418
-0.019500701 0.033111598 -0.378418
-0.019546499 0.0349731 -0.37939501
-0.017867999 -0.0132446 -0.38134801
-0.017867999 -0.0114517 -0.38134801
-0.017806999 -0.0096282996 -0.380371
-0.017806999 -0.0078430204 -0.380371
-0.017761201 -0.00603867 -0.37939501
-0.017715501 -0.0042419401 -0.378418
-0.017715501 -0.00246429 -0.378418
-0.0176697 -0.00068426097 -0.37744099
-0.0176239 0.00108719 -0.37646499
-0.0176239 0.0028572101 -0.37646499
-0.017578101 0.00461578 -0.37524399
-0.0175323 0.0063629202 -0.374268
-0.0175323 0.0081176804 -0.374268
-0.0175323 0.0098800696 -0.374268
-0.0174866 0.0116119 -0.37329099
-0.0174866 0.0133667 -0.37329099
-0.0174866 0.0151215 -0.37329099
-0.0174866 0.0168762 -0.37329099
-0.0174866 0.018631 -0.37329099
-0.0175323 0.0204468 -0.374268
-0.0175323 0.022201501 -0.374268
-0.017578101 0.0240326 -0.37524399
-0.017578101 0.0257874 -0.37524399
-0.0176239 0.027633701 -0.37646499
-0.0176239 0.0294037 -0.37646499
-0.0176697 0.03125 -0.37744099
-0.017715501 0.033111598 -0.378418
-0.017715501 0.034881599 -0.378418
-0.017715501 0.036682099 -0.378418
-0.016067499 -0.0150375 -0.38134801
-0.016067499 -0.0132446 -0.38134801
-0.016021701 -0.0114212 -0.380371
-0.016021701 -0.0096282996 -0.380371
-0.015976001 -0.0078201303 -0.37939501
-0.015945399 -0.0060234098 -0.378418
-0.015899699 -0.0042305002 -0.37744099
-0.0158539 -0.00245094 -0.37646499
-0.0158539 -0.00068235397 -0.37646499
-0.0158081 0.00108433 -0.37524399
-0.015777601 0.0028419499 -0.374268
-0.015777601 0.0046005198 -0.374268
-0.0157318 0.0063438402 -0.37329099
-0.0157318 0.0081024198 -0.37329099
-0.015686 0.0098266602 -0.37231401
-0.015686 0.0115814 -0.37231401
-0.015686 0.0133286 -0.37231401
-0.015686 0.0150833 -0.37231401
-0.015686 0.0168304 -0.37231401
-0.015686 0.018585199 -0.37231401
-0.015686 0.020339999 -0.37231401
-0.0157318 0.022140499 -0.37329099
-0.0157318 0.023895301 -0.37329099
-0.015777601 0.0257263 -0.374268
-0.0158081 0.027557399 -0.37524399
-0.0158081 0.0293274 -0.37524399
-0.0158539 0.0311737 -0.37646499
-0.015899699 0.033020001 -0.37744099
-0.015899699 0.034790002 -0.37744099
-0.015945399 0.036682099 -0.378418
-0.0142746 -0.0150375 -0.38134801
-0.0142365 -0.0132065 -0.380371
-0.0142365 -0.0114212 -0.380371
-0.0141983 -0.0096054096 -0.37939501
-0.0141678 -0.0078010601 -0.378418
-0.0141296 -0.0060081501 -0.37744099
-0.0140915 -0.0042228699 -0.37646499
-0.0140533 -0.00244522 -0.37524399
-0.0140152 -0.00067853899 -0.374268
-0.0140152 0.0010814701 -0.374268
-0.0139771 0.0028343201 -0.37329099
-0.0139389 0.00457764 -0.37231401
-0.0139389 0.00632858 -0.37231401
-0.0139008 0.0080566397 -0.37133801
-0.0139008 0.0098037701 -0.37133801
-0.0139008 0.0115509 -0.37133801
-0.0139008 0.013298 -0.37133801
-0.0139008 0.0150452 -0.37133801
-0.0139008 0.0167847 -0.37133801
-0.0139008 0.018539401 -0.37133801
-0.0139008 0.020278901 -0.37133801
-0.0139389 0.022079499 -0.37231401
-0.0139389 0.023834201 -0.37231401
-0.0139771 0.02565 -0.37329099
-0.0140152 0.0274811 -0.374268
-0.0140152 0.0292511 -0.374268
-0.0140533 0.031097399 -0.37524399
-0.0140915 0.0329285 -0.37646499
-0.0140915 0.034698501 -0.37646499
-0.0141296 0.0365601 -0.37744099
-0.0125122 -0.018676801 -0.38232401
-0.0124817 -0.0168304 -0.38134801
-0.0124512 -0.0149994 -0.380371
-0.0124512 -0.0132065 -0.380371
-0.0124207 -0.0113907 -0.37939501
-0.0123825 -0.0095825205 -0.378418
-0.012352 -0.0077819801 -0.37744099
-0.0123215 -0.0059928899 -0.37646499
-0.0122833 -0.00421143 -0.37524399
-0.0122528 -0.0024395001 -0.374268
-0.0122223 -0.00067663199 -0.37329099
-0.0122223 0.00107861 -0.37329099
-0.0121841 0.00282669 -0.37231401
-0.0121536 0.0045661898 -0.37133801
-0.0121536 0.0063095102 -0.37133801
-0.0121231 0.0080337496 -0.370361
-0.0121231 0.0097732497 -0.370361
-0.0121231 0.0115204 -0.370361
-0.0121231 0.0132599 -0.370361
-0.0120926 0.0149612 -0.369385
-0.0121231 0.016738901 -0.370361
-0.0121231 0.018478399 -0.370361
-0.0121231 0.020217899 -0.370361
-0.0121536 0.022018399 -0.37133801
-0.0121536 0.023773201 -0.37133801
-0.0121841 0.025589 -0.37231401
-0.0121841 0.0273438 -0.37231401
-0.0122223 0.029174799 -0.37329099
-0.0122528 0.0310059 -0.374268
-0.0122833 0.032836899 -0.37524399
-0.0123215 0.034698501 -0.37646499
-0.0123215 0.036468498 -0.37646499
-0.0123215 0.038238499 -0.37646499
-0.012352 0.0401306 -0.37744099
-0.0107193 -0.018676801 -0.38232401
-0.0106888 -0.0168304 -0.38134801
-0.0106583 -0.0149994 -0.380371
-0.0106354 -0.013176 -0.37939501
-0.0106049 -0.0113602 -0.378418
-0.0105743 -0.0095520001 -0.37744099
-0.0105515 -0.0077629099 -0.37646499
-0.0105209 -0.0059738201 -0.37524399
-0.0104904 -0.0041999798 -0.374268
-0.0104675 -0.00243187 -0.37329099
-0.010437 -0.00067520101 -0.37231401
-0.0104065 0.00107288 -0.37133801
-0.0104065 0.0028190601 -0.37133801
-0.010376 0.0045509301 -0.370361
-0.010376 0.00629425 -0.370361
-0.0103531 0.0080108596 -0.369385
-0.0103531 0.0097503699 -0.369385
-0.0103531 0.0114899 -0.369385
-0.0103531 0.0132217 -0.369385
-0.0103226 0.0149231 -0.36840799
-0.0103531 0.0166931 -0.369385
-0.0103531 0.0184326 -0.369385
-0.0103531 0.020172101 -0.369385
-0.010376 0.021972699 -0.370361
-0.010376 0.023712199 -0.370361
-0.0104065 0.025512701 -0.37133801
-0.0104065 0.027267501 -0.37133801
-0.010437 0.0290833 -0.37231401
-0.0104675 0.030929601 -0.37329099
-0.0104904 0.032775901 -0.374268
-0.0105209 0.0346069 -0.37524399
-0.0105515 0.036468498 -0.37646499
-0.0105515 0.038238499 -0.37646499
-0.0105515 0.0400085 -0.37646499
-0.0105743 0.041900601 -0.37744099
-0.0089187603 -0.020477301 -0.38232401
-0.0088958703 -0.0186157 -0.38134801
-0.0088729896 -0.0167847 -0.380371
-0.0088501005 -0.0149612 -0.37939501
-0.0088272104 -0.0131378 -0.378418
-0.0088043204 -0.0113297 -0.37744099
-0.0087814303 -0.00952911 -0.37646499
-0.0087585403 -0.0077400198 -0.37524399
-0.0087280301 -0.0059585599 -0.374268
-0.0087051401 -0.0041885399 -0.37329099
-0.00868225 -0.00242615 -0.37231401
-0.00865936 -0.00067329401 -0.37133801
-0.00863647 0.00107002 -0.370361
-0.00863647 0.00281143 -0.370361
-0.0086135902 0.0045394902 -0.369385
-0.0086135902 0.0062751798 -0.369385
-0.0085907001 0.0079879798 -0.36840799
-0.0085907001 0.0097198496 -0.36840799
-0.0085907001 0.0114517 -0.36840799
-0.0085907001 0.0131912 -0.36840799
-0.0085907001 0.0149231 -0.36840799
-0.0085907001 0.0166473 -0.36840799
-0.0085907001 0.0183868 -0.36840799
-0.0085907001 0.020111101 -0.36840799
-0.0086135902 0.021911601 -0.369385
-0.0086135902 0.0236359 -0.369385
-0.00863647 0.025451699 -0.370361
-0.00865936 0.027267501 -0.37133801
-0.00865936 0.029007001 -0.37133801
-0.00868225 0.030838 -0.37231401
-0.0087051401 0.0326843 -0.37329099
-0.0087280301 0.034515399 -0.374268
-0.0087585403 0.036377002 -0.37524399
-0.0087585403 0.038146999 -0.37524399
-0.0087814303 0.0400085 -0.37646499
-0.0087814303 0.041778602 -0.37646499
-0.0071220398 -0.020477301 -0.38232401
-0.00710297 -0.0186157 -0.38134801
-0.0070648198 -0.016738901 -0.37939501
-0.00704575 -0.0149231 -0.378418
-0.0070304899 -0.0131073 -0.37744099
-0.0070114098 -0.0112991 -0.37646499
-0.0069923401 -0.0095062302 -0.37524399
-0.0069732699 -0.0077209501 -0.374268
-0.0069541899 -0.0059433002 -0.37329099
-0.0069351201 -0.0041770898 -0.37231401
-0.0069160499 -0.0024185199 -0.37133801
-0.0068969699 -0.00067138701 -0.370361
-0.0068779001 0.00106716 -0.369385
-0.0068779001 0.0028037999 -0.369385
-0.0068588299 0.0045280498 -0.36840799
-0.0068588299 0.0062599201 -0.36840799
-0.0068435702 0.0079650898 -0.367432
-0.0068435702 0.0096969604 -0.367432
-0.0068435702 0.0114212 -0.367432
-0.0068435702 0.0131531 -0.367432
-0.0068435702 0.0148773 -0.367432
-0.0068435702 0.0166016 -0.367432
-0.0068435702 0.0183258 -0.367432
-0.0068435702 0.0200653 -0.367432
-0.0068588299 0.021850601 -0.36840799
-0.0068588299 0.023574799 -0.36840799
-0.0068779001 0.0253754 -0.369385
-0.0068969699 0.027191199 -0.370361
-0.0069160499 0.029007001 -0.37133801
-0.0069160499 0.0307617 -0.37133801
-0.0069351201 0.0325928 -0.37231401
-0.0069541899 0.034423798 -0.37329099
-0.0069732699 0.0362854 -0.374268
-0.0069923401 0.038146999 -0.37524399
-0.0070114098 0.0400085 -0.37646499
-0.0070114098 0.041778602 -0.37646499
-0.0053253202 -0.020477301 -0.38232401
-0.0052947998 -0.0185699 -0.380371
-0.0052833599 -0.016738901 -0.37939501
-0.00525284 -0.0148773 -0.37744099
-0.0052413899 -0.0130692 -0.37646499
-0.0052261399 -0.0112686 -0.37524399
-0.0052108802 -0.0094757099 -0.374268
-0.00519943 -0.00769806 -0.37329099
-0.0051841699 -0.00592804 -0.37231401
-0.0051689101 -0.0041656499 -0.37133801
-0.0051574698 -0.0024128 -0.370361
-0.0051422101 -0.00066947902 -0.369385
-0.0051269499 0.0010643 -0.36840799
-0.0051269499 0.0027961701 -0.36840799
-0.00511551 0.0045166002 -0.367432
-0.00511551 0.0062446599 -0.367432
-0.00511551 0.0079650898 -0.367432
-0.0051002498 0.0096664401 -0.366211
-0.0051002498 0.0113907 -0.366211
-0.0051002498 0.0131149 -0.366211
-0.0051002498 0.0148392 -0.366211
-0.0051002498 0.016555799 -0.366211
-0.0051002498 0.018279999 -0.366211
-0.00511551 0.0200653 -0.367432
-0.00511551 0.021789599 -0.367432
-0.0051269499 0.023574799 -0.36840799
-0.0051269499 0.025314299 -0.36840799
-0.0051422101 0.0271149 -0.369385
-0.0051574698 0.028930699 -0.370361
-0.0051689101 0.0307617 -0.37133801
-0.0051841699 0.0325928 -0.37231401
-0.00519943 0.034423798 -0.37329099
-0.0052108802 0.0362854 -0.374268
-0.0052108802 0.038055401 -0.374268
-0.0052261399 0.039917 -0.37524399
-0.0052413899 0.041778602 -0.37646499
-0.0052413899 0.043548599 -0.37646499
-0.0035171499 -0.020416301 -0.38134801
-0.00349808 -0.0185242 -0.37939501
-0.00348854 -0.0166931 -0.378418
-0.0034789999 -0.0148773 -0.37744099
-0.0034618401 -0.0130386 -0.37524399
-0.0034523001 -0.0112381 -0.374268
-0.0034427601 -0.0094528198 -0.37329099
-0.0034332301 -0.0076789898 -0.37231401
-0.0034236901 -0.0059127798 -0.37133801
-0.0034141501 -0.00415421 -0.370361
-0.00340652 -0.0024051699 -0.369385
-0.00339699 -0.00066757202 -0.36840799
-0.00339699 0.0010643 -0.36840799
-0.00338745 0.00278854 -0.367432
-0.00338745 0.0045166002 -0.367432
-0.00337791 0.0062255901 -0.366211
-0.00337791 0.00794983 -0.366211
-0.00337791 0.0096664401 -0.366211
-0.00336838 0.0113602 -0.36523399
-0.00336838 0.0130768 -0.36523399
-0.00336838 0.014801 -0.36523399
-0.00337791 0.016555799 -0.366211
-0.00337791 0.018279999 -0.366211
-0.00337791 0.0200043 -0.366211
-0.00338745 0.021789599 -0.367432
-0.00338745 0.0235138 -0.367432
-0.00339699 0.025314299 -0.36840799
-0.00339699 0.0270386 -0.36840799
-0.00340652 0.0288544 -0.369385
-0.0034141501 0.0306702 -0.370361
-0.0034236901 0.032501198 -0.37133801
-0.0034332301 0.034332301 -0.37231401
-0.0034427601 0.036193799 -0.37329099
-0.0034523001 0.038055401 -0.374268
-0.0034618401 0.039917 -0.37524399
-0.0034618401 0.041687001 -0.37524399
-0.0034713701 0.043548599 -0.37646499
-0.00172329 -0.020416301 -0.38134801
-0.00170517 -0.0184326 -0.37744099
-0.00170517 -0.0166473 -0.37744099
-0.0017004 -0.0148392 -0.37646499
-0.00169659 -0.0130386 -0.37524399
-0.00169182 -0.0112381 -0.374268
-0.00168228 -0.0094299298 -0.37231401
-0.0016784701 -0.0076599098 -0.37133801
-0.0016737001 -0.0058937101 -0.370361
-0.0016689301 -0.0041427598 -0.369385
-0.0016689301 -0.0024051699 -0.369385
-0.0016641601 -0.00066757202 -0.36840799
-0.00166035 0.00106144 -0.367432
-0.00166035 0.00278854 -0.367432
-0.00165558 0.00450134 -0.366211
-0.00165558 0.0062255901 -0.366211
-0.00165081 0.00792694 -0.36523399
-0.00165081 0.00964355 -0.36523399
-0.00165081 0.0113602 -0.36523399
-0.00165081 0.0130768 -0.36523399
-0.00165081 0.014801 -0.36523399
-0.00165081 0.01651 -0.36523399
-0.00165081 0.018234299 -0.36523399
-0.00165558 0.0200043 -0.366211
-0.00165558 0.021728501 -0.366211
-0.00166035 0.0235138 -0.367432
-0.00166035 0.025238 -0.367432
-0.0016641601 0.0270386 -0.36840799
-0.0016689301 0.0288544 -0.369385
-0.0016737001 0.0306702 -0.370361
-0.0016784701 0.032501198 -0.37133801
-0.00168228 0.034332301 -0.37231401
-0.00168705 0.036193799 -0.37329099
-0.00169182 0.038055401 -0.374268
-0.00169182 0.0397949 -0.374268
-0.00169659 0.041687001 -0.37524399
-0.00169659 0.043426499 -0.37524399
6.9081798e-05 -0.0184326 -0.37744099
6.9081798e-05 -0.0166473 -0.37744099
6.8902998e-05 -0.0148392 -0.37646499
6.8545298e-05 -0.0130005 -0.374268
6.8366498e-05 -0.0112076 -0.37329099
6.8187699e-05 -0.0094299298 -0.37231401
6.80089e-05 -0.0076599098 -0.37133801
6.7770503e-05 -0.0058937101 -0.370361
6.7591704e-05 -0.0041427598 -0.369385
6.7412897e-05 -0.0023994399 -0.36840799
6.7234003e-05 -0.00066566502 -0.367432
6.7234003e-05 0.00106144 -0.367432
6.7055204e-05 0.0027809101 -0.366211
6.7055204e-05 0.00450134 -0.366211
6.6876397e-05 0.0062103299 -0.36523399
6.6876397e-05 0.00792694 -0.36523399
6.6876397e-05 0.00964355 -0.36523399
6.6697598e-05 0.0113297 -0.36425799
6.6697598e-05 0.0130463 -0.36425799
6.6697598e-05 0.0147552 -0.36425799
6.6876397e-05 0.01651 -0.36523399
6.6876397e-05 0.018234299 -0.36523399
6.6876397e-05 0.0199432 -0.36523399
6.7114801e-05 0.021728501 -0.366211
6.7114801e-05 0.0234528 -0.366211
6.72936e-05 0.025238 -0.367432
6.72936e-05 0.0269775 -0.367432
6.7472502e-05 0.0287781 -0.36840799
6.7651301e-05 0.0305939 -0.369385
6.78301e-05 0.032409701 -0.370361
6.80089e-05 0.0342407 -0.37133801
6.8187699e-05 0.036102299 -0.37231401
6.8366498e-05 0.037933301 -0.37329099
6.8545298e-05 0.0397949 -0.374268
6.8724199e-05 0.041687001 -0.37524399
6.8724199e-05 0.043426499 -0.37524399
0.00185871 -0.022155801 -0.380371
0.00185299 -0.0203094 -0.37939501
0.00184822 -0.018478399 -0.378418
0.00184345 -0.0166473 -0.37744099
0.00183868 -0.0148392 -0.37646499
0.00182915 -0.0130005 -0.374268
0.00182438 -0.0112076 -0.37329099
0.0018186599 -0.0094299298 -0.37231401
0.0018138899 -0.0076599098 -0.37133801
0.0018091199 -0.0058937101 -0.370361
0.0018043499 -0.0041427598 -0.369385
0.0017995799 -0.0023994399 -0.36840799
0.00179482 -0.00066566502 -0.367432
0.00179482 0.00106144 -0.367432
0.00179005 0.0027809101 -0.366211
0.00178432 0.0044899001 -0.36523399
0.00178432 0.0062103299 -0.36523399
0.00178432 0.00792694 -0.36523399
0.00177956 0.0096206702 -0.36425799
0.00177956 0.0113297 -0.36425799
0.00177956 0.0130463 -0.36425799
0.00177956 0.0147552 -0.36425799
0.00177956 0.0164642 -0.36425799
0.00177956 0.018188501 -0.36425799
0.00178432 0.0199432 -0.36523399
0.00178432 0.021667499 -0.36523399
0.00179005 0.0234528 -0.366211
0.00179005 0.025177 -0.366211
0.00179482 0.0269775 -0.367432
0.0017995799 0.0287781 -0.36840799
0.0018043499 0.0305939 -0.369385
0.0018091199 0.032409701 -0.370361
0.0018138899 0.0342407 -0.37133801
0.0018186599 0.036102299 -0.37231401
0.00182438 0.037933301 -0.37329099
0.00182915 0.0397949 -0.374268
0.00183392 0.041687001 -0.37524399
0.00183392 0.043426499 -0.37524399
0.00183392 0.0451965 -0.37524399
0.0036468499 -0.022155801 -0.380371
0.0036373099 -0.0203094 -0.37939501
0.0036277799 -0.018478399 -0.378418
0.0036182399 -0.0166473 -0.37744099
0.0036086999 -0.0148392 -0.37646499
0.0035896299 -0.0130005 -0.374268
0.0035800899 -0.0112076 -0.37329099
0.0035705599 -0.0094299298 -0.37231401
0.0035514799 -0.0076370202 -0.370361
0.0035419499 -0.0058784499 -0.369385
0.0035305 -0.0041313199 -0.36840799
0.0035305 -0.0023994399 -0.36840799
0.00352097 -0.00066566502 -0.367432
0.00351143 0.00105858 -0.366211
0.00351143 0.0027809101 -0.366211
0.00350189 0.0044899001 -0.36523399
0.00350189 0.0062103299 -0.36523399
0.00349236 0.0079040499 -0.36425799
0.00349236 0.0096206702 -0.36425799
0.00349236 0.0113297 -0.36425799
0.00349236 0.0130463 -0.36425799
0.00349236 0.0147552 -0.36425799
0.00349236 0.0164642 -0.36425799
0.00349236 0.018188501 -0.36425799
0.00350189 0.0199432 -0.36523399
0.00350189 0.021667499 -0.36523399
0.00350189 0.023391699 -0.36523399
0.00351143 0.025177 -0.366211
0.00352097 0.0269775 -0.367432
0.0035305 0.0287781 -0.36840799
0.0035419499 0.0305939 -0.369385
0.0035514799 0.032409701 -0.370361
0.0035610199 0.0342407 -0.37133801
0.0035705599 0.036102299 -0.37231401
0.0035800899 0.037933301 -0.37329099
0.0035896299 0.0397949 -0.374268
0.0035896299 0.0415649 -0.374268
0.0035991699 0.043426499 -0.37524399
0.0035991699 0.0451965 -0.37524399
0.0036086999 0.047088601 -0.37646499
0.0054512001 -0.022216801 -0.38134801
0.0054359399 -0.0203552 -0.380371
0.0054206802 -0.0185242 -0.37939501
0.00539017 -0.0166473 -0.37744099
0.0053787199 -0.0148392 -0.37646499
0.0053634602 -0.0130386 -0.37524399
0.00533295 -0.0112076 -0.37329099
0.0053214999 -0.0094299298 -0.37231401
0.0052909902 -0.0076370202 -0.370361
0.00527573 -0.0058784499 -0.369385
0.0052642799 -0.0041313199 -0.36840799
0.0052490202 -0.00239372 -0.367432
0.0052490202 -0.00066566502 -0.367432
0.00523376 0.00105858 -0.366211
0.00523376 0.0027809101 -0.366211
0.0052185101 0.0044899001 -0.36523399
0.0052185101 0.0062103299 -0.36523399
0.0052070599 0.0079040499 -0.36425799
0.0052070599 0.0096206702 -0.36425799
0.0052070599 0.0113297 -0.36425799
0.0052070599 0.0130463 -0.36425799
0.0052070599 0.0147552 -0.36425799
0.0052070599 0.0164642 -0.36425799
0.0052070599 0.018188501 -0.36425799
0.0052070599 0.0198975 -0.36425799
0.0052185101 0.021667499 -0.36523399
0.0052185101 0.023391699 -0.36523399
0.00523376 0.025177 -0.366211
0.0052490202 0.0269775 -0.367432
0.0052490202 0.028701801 -0.367432
0.0052642799 0.030502301 -0.36840799
0.00527573 0.0323181 -0.369385
0.0053062402 0.0342407 -0.37133801
0.0053214999 0.036102299 -0.37231401
0.00533295 0.037933301 -0.37329099
0.00533295 0.039703399 -0.37329099
0.0053482102 0.0415649 -0.374268
0.0053634602 0.043426499 -0.37524399
0.0053634602 0.0451965 -0.37524399
0.0053787199 0.047088601 -0.37646499
0.0072441101 -0.022216801 -0.38134801
0.0072250399 -0.0203552 -0.380371
0.0072059599 -0.0185242 -0.37939501
0.0071868901 -0.0166931 -0.378418
0.0071487399 -0.0148392 -0.37646499
0.0071296701 -0.0130386 -0.37524399
0.0070915199 -0.0112076 -0.37329099
0.0070724501 -0.0094299298 -0.37231401
0.0070342999 -0.0076370202 -0.370361
0.0070152301 -0.0058784499 -0.369385
0.0069961501 -0.0041313199 -0.36840799
0.0069770799 -0.00239372 -0.367432
0.0069770799 -0.00066566502 -0.367432
0.0069580101 0.00105858 -0.366211
0.0069389301 0.00277328 -0.36523399
0.0069389301 0.0044899001 -0.36523399
0.0069198599 0.0061912499 -0.36425799
0.0069198599 0.0079040499 -0.36425799
0.0069198599 0.0096206702 -0.36425799
0.0069007901 0.0112991 -0.36328101
0.0069007901 0.0130081 -0.36328101
0.0069007901 0.0147171 -0.36328101
0.0069198599 0.0164642 -0.36425799
0.0069198599 0.018188501 -0.36425799
0.0069198599 0.0198975 -0.36425799
0.0069389301 0.021667499 -0.36523399
0.0069389301 0.023391699 -0.36523399
0.0069580101 0.025177 -0.366211
0.0069580101 0.0269012 -0.366211
0.0069770799 0.028701801 -0.367432
0.0069961501 0.030502301 -0.36840799
0.0070152301 0.0323181 -0.369385
0.0070342999 0.0341492 -0.370361
0.0070533799 0.035980199 -0.37133801
0.0070724501 0.037841801 -0.37231401
0.0070915199 0.039703399 -0.37329099
0.0071105999 0.0415649 -0.374268
0.0071296701 0.043426499 -0.37524399
0.0071296701 0.0451965 -0.37524399
0.0071296701 0.046966601 -0.37524399
0.0090332003 -0.022216801 -0.38134801
0.0090332003 -0.020416301 -0.38134801
0.0090103103 -0.0185699 -0.380371
0.0089645404 -0.0166931 -0.378418
0.0089416504 -0.0148773 -0.37744099
0.0088958703 -0.0130386 -0.37524399
0.0088653602 -0.0112381 -0.374268
0.0088195801 -0.0094299298 -0.37231401
0.0087738 -0.0076370202 -0.370361
0.0087509202 -0.0058784499 -0.369385
0.0087280301 -0.0041313199 -0.36840799
0.0087051401 -0.00239372 -0.367432
0.0086746197 -0.00066423399 -0.366211
0.0086746197 0.00105858 -0.366211
0.0086517297 0.00277328 -0.36523399
0.0086517297 0.0044899001 -0.36523399
0.0086288499 0.0061912499 -0.36425799
0.0086288499 0.0079040499 -0.36425799
0.0086288499 0.0096206702 -0.36425799
0.0086059598 0.0112991 -0.36328101
0.0086059598 0.0130081 -0.36328101
0.0086059598 0.0147171 -0.36328101
0.0086059598 0.0164185 -0.36328101
0.0086288499 0.018188501 -0.36425799
0.0086288499 0.0198975 -0.36425799
0.0086288499 0.021606401 -0.36425799
0.0086517297 0.023391699 -0.36523399
0.0086746197 0.025177 -0.366211
0.0086746197 0.0269012 -0.366211
0.0087051401 0.028701801 -0.367432
0.0087280301 0.030502301 -0.36840799
0.0087509202 0.0323181 -0.369385
0.0087738 0.0341492 -0.370361
0.00879669 0.035980199 -0.37133801
0.0088195801 0.037841801 -0.37231401
0.0088424701 0.039703399 -0.37329099
0.0088653602 0.0415649 -0.374268
0.0088653602 0.043334998 -0.374268
0.0088958703 0.0451965 -0.37524399
0.0108261 -0.020416301 -0.38134801
0.0108032 -0.0185699 -0.380371
0.0107727 -0.016738901 -0.37939501
0.0107117 -0.0148773 -0.37744099
0.0106888 -0.0130692 -0.37646499
0.0106277 -0.0112381 -0.374268
0.0105743 -0.0094299298 -0.37231401
0.0105438 -0.0076599098 -0.37133801
0.0104904 -0.0058784499 -0.369385
0.0104599 -0.0041313199 -0.36840799
0.0104294 -0.00239372 -0.367432
0.0103989 -0.00066423399 -0.366211
0.0103989 0.00105858 -0.366211
0.010376 0.00277328 -0.36523399
0.010376 0.0044899001 -0.36523399
0.0103455 0.0061912499 -0.36425799
0.0103455 0.0079040499 -0.36425799
0.0103455 0.0096206702 -0.36425799
0.0103149 0.0112991 -0.36328101
0.0103149 0.0130081 -0.36328101
0.0103149 0.0147171 -0.36328101
0.0103149 0.0164185 -0.36328101
0.0103455 0.018188501 -0.36425799
0.0103455 0.0198975 -0.36425799
0.0103455 0.021606401 -0.36425799
0.010376 0.023391699 -0.36523399
0.010376 0.025100701 -0.36523399
0.0103989 0.0269012 -0.366211
0.0104294 0.028701801 -0.367432
0.0104599 0.030502301 -0.36840799
0.0104904 0.0323181 -0.369385
0.0105133 0.0341492 -0.370361
0.0105438 0.035980199 -0.37133801
0.0105743 0.037841801 -0.37231401
0.0105972 0.039703399 -0.37329099
0.0106277 0.0415649 -0.374268
0.0106277 0.043334998 -0.374268
0.0106583 0.0451965 -0.37524399
0.0126572 -0.020477301 -0.38232401
0.0126266 -0.0186157 -0.38134801
0.012558 -0.016738901 -0.37939501
0.0125198 -0.0149231 -0.378418
0.0124588 -0.0130692 -0.37646499
0.0123901 -0.0112381 -0.374268
0.0123596 -0.0094528198 -0.37329099
0.012291 -0.0076599098 -0.37133801
0.0122604 -0.0058937101 -0.370361
0.0121918 -0.0041313199 -0.36840799
0.0121613 -0.00239372 -0.367432
0.0121613 -0.00066566502 -0.367432
0.0121231 0.00105858 -0.366211
0.0120926 0.00277328 -0.36523399
0.0120926 0.0044899001 -0.36523399
0.0120544 0.0061912499 -0.36425799
0.0120544 0.0079040499 -0.36425799
0.0120544 0.0096206702 -0.36425799
0.0120544 0.0113297 -0.36425799
0.0120239 0.0130081 -0.36328101
0.0120239 0.0147171 -0.36328101
0.0120544 0.0164642 -0.36425799
0.0120544 0.018188501 -0.36425799
0.0120544 0.0198975 -0.36425799
0.0120544 0.021606401 -0.36425799
0.0120926 0.023391699 -0.36523399
0.0121231 0.025177 -0.366211
0.0121231 0.0269012 -0.366211
0.0121613 0.028701801 -0.367432
0.0121918 0.030502301 -0.36840799
0.0122223 0.0323181 -0.369385
0.0122604 0.0341492 -0.370361
0.012291 0.035980199 -0.37133801
0.0123215 0.037841801 -0.37231401
0.0123596 0.039703399 -0.37329099
0.0123901 0.0415649 -0.374268
0.0123901 0.043334998 -0.374268
0.0124207 0.0451965 -0.37524399
0.014534 -0.022384601 -0.38427699
0.0144577 -0.020477301 -0.38232401
0.0144196 -0.0186157 -0.38134801
0.0143433 -0.016738901 -0.37939501
0.0143051 -0.0149231 -0.378418
0.0142288 -0.0130692 -0.37646499
0.0141907 -0.0112686 -0.37524399
0.0141144 -0.0094528198 -0.37329099
0.0140381 -0.0076599098 -0.37133801
0.0139999 -0.0058937101 -0.370361
0.0139618 -0.0041427598 -0.369385
0.0139236 -0.0023994399 -0.36840799
0.0138855 -0.00066566502 -0.367432
0.0138474 0.00105858 -0.366211
0.0138474 0.0027809101 -0.366211
0.0138092 0.0044899001 -0.36523399
0.0138092 0.0062103299 -0.36523399
0.0137711 0.0079040499 -0.36425799
0.0137711 0.0096206702 -0.36425799
0.0137711 0.0113297 -0.36425799
0.0137711 0.0130463 -0.36425799
0.0137711 0.0147552 -0.36425799
0.0137711 0.0164642 -0.36425799
0.0137711 0.018188501 -0.36425799
0.0137711 0.0198975 -0.36425799
0.0138092 0.021667499 -0.36523399
0.0138092 0.023391699 -0.36523399
0.0138474 0.025177 -0.366211
0.0138855 0.0269775 -0.367432
0.0138855 0.028701801 -0.367432
0.0139236 0.030502301 -0.36840799
0.0139618 0.0323181 -0.369385
0.0139999 0.0341492 -0.370361
0.0140381 0.035980199 -0.37133801
0.0140762 0.037841801 -0.37231401
0.0141144 0.039703399 -0.37329099
0.0141525 0.0415649 -0.374268
0.0141907 0.043426499 -0.37524399
0.0141907 0.0451965 -0.37524399
0.0163422 -0.022384601 -0.38427699
0.016250599 -0.020477301 -0.38232401
0.0162048 -0.0186157 -0.38134801
0.0161591 -0.0167847 -0.380371
0.016082801 -0.0149231 -0.378418
0.016037 -0.0131073 -0.37744099
0.015945399 -0.0112686 -0.37524399
0.0158691 -0.0094528198 -0.37329099
0.0158234 -0.0076789898 -0.37231401
0.015777601 -0.0059127798 -0.37133801
0.0157013 -0.0041427598 -0.369385
0.015655501 -0.0023994399 -0.36840799
0.0156097 -0.00066566502 -0.367432
0.0156097 0.00106144 -0.367432
0.0155716 0.0027809101 -0.366211
0.0155258 0.0044899001 -0.36523399
0.0155258 0.0062103299 -0.36523399
0.0155258 0.00792694 -0.36523399
0.0154877 0.0096206702 -0.36425799
0.0154877 0.0113297 -0.36425799
0.0154877 0.0130463 -0.36425799
0.0154877 0.0147552 -0.36425799
0.0154877 0.0164642 -0.36425799
0.0154877 0.018188501 -0.36425799
0.0155258 0.0199432 -0.36523399
0.0155258 0.021667499 -0.36523399
0.0155716 0.0234528 -0.366211
0.0155716 0.025177 -0.366211
0.0156097 0.0269775 -0.367432
0.015655501 0.0287781 -0.36840799
0.0157013 0.0305939 -0.369385
0.0157318 0.032409701 -0.370361
0.015777601 0.0342407 -0.37133801
0.0158234 0.036102299 -0.37231401
0.0158691 0.037933301 -0.37329099
0.0159149 0.0397949 -0.374268
0.0159149 0.0415649 -0.374268
0.015945399 0.043426499 -0.37524399
0.015945399 0.0451965 -0.37524399
0.018051101 -0.020477301 -0.38232401
0.018005401 -0.0186157 -0.38134801
0.0179596 -0.0167847 -0.380371
0.0178528 -0.0149231 -0.378418
0.017806999 -0.0131073 -0.37744099
0.017761201 -0.0112991 -0.37646499
0.0176697 -0.0094757099 -0.374268
0.0176239 -0.00769806 -0.37329099
0.0175323 -0.0059127798 -0.37133801
0.0174866 -0.00415421 -0.370361
0.0174255 -0.0024051699 -0.369385
0.0173798 -0.00066757202 -0.36840799
0.017333999 0.00106144 -0.367432
0.017288201 0.0027809101 -0.366211
0.017288201 0.00450134 -0.366211
0.0172424 0.0062103299 -0.36523399
0.0172424 0.00792694 -0.36523399
0.0172424 0.00964355 -0.36523399
0.0172424 0.0113602 -0.36523399
0.0172424 0.0130768 -0.36523399
0.0172424 0.014801 -0.36523399
0.0172424 0.01651 -0.36523399
0.0172424 0.018234299 -0.36523399
0.0172424 0.0199432 -0.36523399
0.017288201 0.021728501 -0.366211
0.017288201 0.0234528 -0.366211
0.017333999 0.025238 -0.367432
0.0173798 0.0270386 -0.36840799
0.0173798 0.0287781 -0.36840799
0.0174255 0.0305939 -0.369385
0.0174866 0.032409701 -0.370361
0.0175323 0.0342407 -0.37133801
0.017578101 0.036102299 -0.37231401
0.0176239 0.037933301 -0.37329099
0.0176697 0.0397949 -0.374268
0.017715501 0.041687001 -0.37524399
0.017715501 0.043426499 -0.37524399
0.017761201 0.0453186 -0.37646499
0.019744899 -0.0167847 -0.380371
0.019683801 -0.0149612 -0.37939501
0.019638101 -0.0131378 -0.378418
0.0195313 -0.0112991 -0.37646499
0.0194855 -0.0095062302 -0.37524399
0.019378699 -0.00769806 -0.37329099
0.019332901 -0.00592804 -0.37231401
0.019271901 -0.0041656499 -0.37133801
0.0192261 -0.0024128 -0.370361
0.019165 -0.00066947902 -0.369385
0.0191193 0.0010643 -0.36840799
0.0190582 0.00278854 -0.367432
0.0190582 0.0045166002 -0.367432
0.0190125 0.0062255901 -0.366211
0.0190125 0.00794983 -0.366211
0.018966701 0.00964355 -0.36523399
0.018966701 0.0113602 -0.36523399
0.018966701 0.0130768 -0.36523399
0.018966701 0.014801 -0.36523399
0.018966701 0.01651 -0.36523399
0.0190125 0.018279999 -0.366211
0.0190125 0.0200043 -0.366211
0.0190125 0.021728501 -0.366211
0.0190582 0.0235138 -0.367432
0.0191193 0.025314299 -0.36840799
0.0191193 0.0270386 -0.36840799
0.019165 0.0288544 -0.369385
0.0192261 0.0306702 -0.370361
0.019271901 0.032501198 -0.37133801
0.019332901 0.034332301 -0.37231401
0.019378699 0.036193799 -0.37329099
0.019424399 0.038055401 -0.374268
0.019424399 0.0397949 -0.374268
0.0194855 0.041687001 -0.37524399
0.0194855 0.043426499 -0.37524399
0.0195313 0.0453186 -0.37646499
0.0215302 -0.0167847 -0.380371
0.021469099 -0.0149612 -0.37939501
0.021423301 -0.0131378 -0.378418
0.021362299 -0.0113297 -0.37744099
0.021240201 -0.0095062302 -0.37524399
0.021194501 -0.0077209501 -0.374268
0.0211334 -0.0059433002 -0.37329099
0.021072401 -0.0041770898 -0.37231401
0.0209656 -0.0024128 -0.370361
0.0209045 -0.00066947902 -0.369385
0.0209045 0.00106716 -0.369385
0.0208435 0.0027961701 -0.36840799
0.0207977 0.0045166002 -0.367432
0.0207977 0.0062446599 -0.367432
0.0207367 0.00794983 -0.366211
0.0207367 0.0096664401 -0.366211
0.0207367 0.0113907 -0.366211
0.0207367 0.0131149 -0.366211
0.0207367 0.0148392 -0.366211
0.0207367 0.016555799 -0.366211
0.0207977 0.0183258 -0.367432
0.0207977 0.0200653 -0.367432
0.0207977 0.021789599 -0.367432
0.0208435 0.023574799 -0.36840799
0.0208435 0.025314299 -0.36840799
0.0209045 0.0271149 -0.369385
0.0209656 0.028930699 -0.370361
0.0210266 0.0307617 -0.37133801
0.021072401 0.0325928 -0.37231401
0.021072401 0.034332301 -0.37231401
0.0211334 0.036193799 -0.37329099
0.021194501 0.038055401 -0.374268
0.021240201 0.039917 -0.37524399
0.021240201 0.041687001 -0.37524399
0.021301299 0.043548599 -0.37646499
0.0233154 -0.0167847 -0.380371
0.0233154 -0.0149994 -0.380371
0.0232544 -0.013176 -0.37939501
0.0231323 -0.0113297 -0.37744099
0.0230713 -0.00952911 -0.37646499
0.0230103 -0.0077400198 -0.37524399
0.0229492 -0.0059585599 -0.374268
0.0228271 -0.0041770898 -0.37231401
0.0227661 -0.0024185199 -0.37133801
0.0227051 -0.00067138701 -0.370361
0.0227051 0.00107002 -0.370361
0.022644 0.0028037999 -0.369385
0.022583 0.0045280498 -0.36840799
0.022583 0.0062599201 -0.36840799
0.022522001 0.0079650898 -0.367432
0.022522001 0.0096969604 -0.367432
0.022522001 0.0114212 -0.367432
0.022522001 0.0131531 -0.367432
0.022522001 0.0148773 -0.367432
0.022522001 0.0166016 -0.367432
0.022522001 0.0183258 -0.367432
0.022583 0.020111101 -0.36840799
0.022583 0.021850601 -0.36840799
0.022644 0.0236359 -0.369385
0.022644 0.0253754 -0.369385
0.0227051 0.027191199 -0.370361
0.0227661 0.029007001 -0.37133801
0.0227661 0.0307617 -0.37133801
0.0228271 0.0325928 -0.37231401
0.0228882 0.034423798 -0.37329099
0.0228882 0.036193799 -0.37329099
0.0229492 0.038055401 -0.374268
0.0230103 0.039917 -0.37524399
0.025177 -0.0168304 -0.38134801
0.025116 -0.0149994 -0.380371
0.025039701 -0.013176 -0.37939501
0.0249786 -0.0113602 -0.378418
0.024917601 -0.0095520001 -0.37744099
0.024841299 -0.0077629099 -0.37646499
0.0247803 -0.0059738201 -0.37524399
0.0246429 -0.0041885399 -0.37329099
0.0245819 -0.00242615 -0.37231401
0.0245056 -0.00067329401 -0.37133801
0.0245056 0.00107288 -0.37133801
0.024444601 0.00281143 -0.370361
0.0243835 0.0045394902 -0.369385
0.0243835 0.0062751798 -0.369385
0.024307299 0.0079879798 -0.36840799
0.024307299 0.0097198496 -0.36840799
0.024307299 0.0114517 -0.36840799
0.024307299 0.0131912 -0.36840799
0.024307299 0.0149231 -0.36840799
0.024307299 0.0166473 -0.36840799
0.024307299 0.0183868 -0.36840799
0.0243835 0.020172101 -0.369385
0.0243835 0.021911601 -0.369385
0.024444601 0.023712199 -0.370361
0.024444601 0.025451699 -0.370361
0.0245056 0.027267501 -0.37133801
0.0245819 0.0290833 -0.37231401
0.0245819 0.030838 -0.37231401
0.0246429 0.0326843 -0.37329099
0.0246429 0.034423798 -0.37329099
0.024719199 0.0362854 -0.374268
0.024719199 0.038055401 -0.374268
0.0247803 0.039917 -0.37524399
0.026962301 -0.0168304 -0.38134801
0.0269012 -0.0149994 -0.380371
0.026825 -0.013176 -0.37939501
0.026763899 -0.0113602 -0.378418
0.0266876 -0.0095520001 -0.37744099
0.0266113 -0.0077629099 -0.37646499
0.0265503 -0.0059738201 -0.37524399
0.026474001 -0.0041999798 -0.374268
0.026397699 -0.00243187 -0.37329099
0.026397699 -0.00067663199 -0.37329099
0.0263367 0.00107574 -0.37231401
0.0262604 0.0028190601 -0.37133801
0.026184101 0.0045509301 -0.370361
0.026184101 0.00629425 -0.370361
0.026123 0.0080108596 -0.369385
0.026123 0.0097503699 -0.369385
0.026123 0.0114899 -0.369385
0.026123 0.0132217 -0.369385
0.026123 0.0149612 -0.369385
0.026123 0.0166931 -0.369385
0.026184101 0.018478399 -0.370361
0.026184101 0.020217899 -0.370361
0.026184101 0.021972699 -0.370361
0.0262604 0.023773201 -0.37133801
0.0263367 0.025589 -0.37231401
0.0263367 0.0273438 -0.37231401
0.0263367 0.0290833 -0.37231401
0.026397699 0.030929601 -0.37329099
0.026397699 0.0326843 -0.37329099
0.026397699 0.034423798 -0.37329099
0.026474001 0.0362854 -0.374268
0.026474001 0.038055401 -0.374268
0.0265503 0.039917 -0.37524399
0.028762801 -0.0150375 -0.38134801
0.028686499 -0.0132065 -0.380371
0.0286102 -0.0113907 -0.37939501
0.0285339 -0.0095825205 -0.378418
0.028457601 -0.0077819801 -0.37744099
0.028381299 -0.0059928899 -0.37646499
0.0283051 -0.00421143 -0.37524399
0.028228801 -0.0024395001 -0.374268
0.028228801 -0.00067853899 -0.374268
0.028152499 0.00107861 -0.37329099
0.0280762 0.00282669 -0.37231401
0.0280762 0.00457764 -0.37231401
0.0279999 0.0063095102 -0.37133801
0.0279999 0.0080566397 -0.37133801
0.027923601 0.0097732497 -0.370361
0.027923601 0.0115204 -0.370361
0.027923601 0.0132599 -0.370361
0.027923601 0.0149994 -0.370361
0.027923601 0.016738901 -0.370361
0.0279999 0.018539401 -0.37133801
0.0279999 0.020278901 -0.37133801
0.0280762 0.022079499 -0.37231401
0.0280762 0.023834201 -0.37231401
0.028152499 0.02565 -0.37329099
0.028152499 0.0274048 -0.37329099
0.028152499 0.029174799 -0.37329099
0.028228801 0.0310059 -0.374268
0.028228801 0.032775901 -0.374268
0.028228801 0.034515399 -0.374268
0.030563399 -0.0150375 -0.38134801
0.0304718 -0.0132065 -0.380371
0.0303955 -0.0113907 -0.37939501
0.030319201 -0.0095825205 -0.378418
0.030242899 -0.0077819801 -0.37744099
0.030151401 -0.0059928899 -0.37646499
0.030151401 -0.0042228699 -0.37646499
0.030075099 -0.00244522 -0.37524399
0.030075099 -0.00068044697 -0.37524399
0.0299988 0.0010814701 -0.374268
0.0299988 0.0028419499 -0.374268
0.0299072 0.0045890799 -0.37329099
0.029830899 0.00632858 -0.37231401
0.029830899 0.0080795297 -0.37231401
0.029830899 0.0098266602 -0.37231401
0.0297546 0.0115509 -0.37133801
0.0297546 0.013298 -0.37133801
0.0297546 0.0150452 -0.37133801
0.029830899 0.0168304 -0.37231401
0.029830899 0.018585199 -0.37231401
0.029830899 0.020339999 -0.37231401
0.0299072 0.022140499 -0.37329099
0.0299072 0.023895301 -0.37329099
0.0299072 0.02565 -0.37329099
0.0299988 0.0274811 -0.374268
0.0299988 0.0292511 -0.374268
0.0299988 0.0310059 -0.374268
0.0299988 0.032775901 -0.374268
0.032165501 -0.0113907 -0.37939501
0.032074001 -0.0095825205 -0.378418
0.032012898 -0.0077819801 -0.37744099
0.032012898 -0.0060081501 -0.37744099
0.031921402 -0.0042228699 -0.37646499
0.031921402 -0.00245094 -0.37646499
0.031921402 -0.00068235397 -0.37646499
0.0318298 0.00108433 -0.37524399
0.0318298 0.00284958 -0.37524399
0.0317383 0.0046005198 -0.374268
0.0317383 0.0063629202 -0.374268
0.031677201 0.0081024198 -0.37329099
0.031677201 0.0098571796 -0.37329099
0.031677201 0.0116119 -0.37329099
0.031677201 0.0133667 -0.37329099
0.031677201 0.0151215 -0.37329099
0.031677201 0.0168762 -0.37329099
0.031677201 0.018631 -0.37329099
0.031677201 0.020385699 -0.37329099
0.031677201 0.022140499 -0.37329099
0.0317383 0.0239716 -0.374268
0.0317383 0.0257263 -0.374268
0.0317383 0.0274811 -0.374268
0.0318298 0.0293274 -0.37524399
0.0317383 0.0310059 -0.374268
0.0318298 0.032836899 -0.37524399
0.033783 -0.0042305002 -0.37744099
0.033691399 -0.00245094 -0.37646499
0.033691399 -0.00068235397 -0.37646499
0.033691399 0.00108719 -0.37646499
0.033691399 0.0028572101 -0.37646499
0.033599898 0.00461578 -0.37524399
0.033599898 0.0063781701 -0.37524399
0.033508301 0.0081176804 -0.374268
0.033508301 0.0098800696 -0.374268
0.033508301 0.0116425 -0.374268
0.033508301 0.0134048 -0.374268
0.0334167 0.0151215 -0.37329099
0.0334167 0.0168762 -0.37329099
0.033508301 0.018676801 -0.374268
0.033508301 0.0204468 -0.374268
0.033508301 0.022201501 -0.374268
0.033508301 0.0239716 -0.374268
0.033599898 0.0257874 -0.37524399
0.033599898 0.027557399 -0.37524399
0.033599898 0.0293274 -0.37524399
0.035553001 -0.0042305002 -0.37744099
0.035553001 -0.0024585701 -0.37744099
0.035553001 -0.00068426097 -0.37744099
0.035553001 0.00109005 -0.37744099
0.0354614 0.0028572101 -0.37646499
0.0354614 0.0046272301 -0.37646499
0.035369899 0.0063781701 -0.37524399
0.035369899 0.0081405602 -0.37524399
0.035369899 0.0099105798 -0.37524399
0.035278302 0.0116425 -0.374268
0.035278302 0.0134048 -0.374268
0.035278302 0.0151672 -0.374268
0.035278302 0.016922001 -0.374268
0.035278302 0.018676801 -0.374268
0.035278302 0.0204468 -0.374268
0.035278302 0.022201501 -0.374268
0.035369899 0.0240326 -0.37524399
0.035369899 0.0257874 -0.37524399
0.035369899 0.027557399 -0.37524399
0.037323002 -0.00068426097 -0.37744099
0.037323002 0.00109005 -0.37744099
0.037323002 0.00286484 -0.37744099
0.037231401 0.0046272301 -0.37646499
0.037231401 0.0063972501 -0.37646499
0.0371399 0.0081405602 -0.37524399
0.0371399 0.0099105798 -0.37524399
0.0371399 0.011673 -0.37524399
0.0371399 0.013443 -0.37524399
0.0370178 0.0151672 -0.374268
0.0370178 0.016922001 -0.374268
0.0370178 0.018676801 -0.374268
